Title:
Authors:
Table:
================================================================================
Byte-by-byte Description of file: table.dat
--------------------------------------------------------------------------------
 Bytes Format Units  Label     Explanations
--------------------------------------------------------------------------------
 1-13  E13.8  m      wavelength [0.0/0.01] Description of wavelength           
15-27  E13.8  ct.s-1 flux       [0.0/3.228556687511072e+21] Description of flux
--------------------------------------------------------------------------------
Notes:
--------------------------------------------------------------------------------
4.2229333e-06 4.4007918e-07
4.2200000e-06 4.8987998e-07
4.2170667e-06 5.3325396e-07
4.2141333e-06 5.3288336e-07
4.2112000e-06 4.5112338e-07
4.2082667e-06 4.8803573e-07
4.2053333e-06 7.8853169e+19
4.2024000e-06 1.1589021e+21
4.1994667e-06 2.4495747e+21
4.1965333e-06 2.6372707e+21
4.1936000e-06 2.6109736e+21
4.1906667e-06 2.6925869e+21
4.1877333e-06 2.7669838e+21
4.1848000e-06 2.8372275e+21
4.1818667e-06 2.9076012e+21
4.1789333e-06 2.9039336e+21
4.1760000e-06 2.9238448e+21
4.1730667e-06 2.9024889e+21
4.1701333e-06 2.9617144e+21
4.1672000e-06 3.0295272e+21
4.1642667e-06 2.9909129e+21
4.1613333e-06 3.0104473e+21
4.1584000e-06 3.0605024e+21
4.1554667e-06 3.0699795e+21
4.1525333e-06 3.0364039e+21
4.1496000e-06 3.0251826e+21
4.1466667e-06 3.0695880e+21
4.1437333e-06 2.9832311e+21
4.1408000e-06 3.0036792e+21
4.1378667e-06 3.0340512e+21
4.1349333e-06 3.0374298e+21
4.1320000e-06 2.9498531e+21
4.1290667e-06 2.8888414e+21
4.1261333e-06 2.9819546e+21
4.1232000e-06 3.0003239e+21
4.1202667e-06 2.9142264e+21
4.1173333e-06 2.9617302e+21
4.1144000e-06 3.0499882e+21
4.1114667e-06 2.9921295e+21
4.1085333e-06 2.9648441e+21
4.1056000e-06 3.0093688e+21
4.1026667e-06 2.9239181e+21
4.0997333e-06 2.8855786e+21
4.0968000e-06 2.9734292e+21
4.0938667e-06 2.9194739e+21
4.0909333e-06 2.9883395e+21
4.0880000e-06 3.0468455e+21
4.0850667e-06 2.9442612e+21
4.0821333e-06 2.7578659e+21
4.0792000e-06 2.7646114e+21
4.0762667e-06 2.8123864e+21
4.0733333e-06 2.7238600e+21
4.0704000e-06 2.6942153e+21
4.0674667e-06 2.7363954e+21
4.0645333e-06 2.7364232e+21
4.0616000e-06 2.7116844e+21
4.0586667e-06 2.7172849e+21
4.0557333e-06 2.6515631e+21
4.0528000e-06 2.6881888e+21
4.0498667e-06 2.7883728e+21
4.0469333e-06 2.9310258e+21
4.0440000e-06 3.1304158e+21
4.0420000e-06 2.8732178e+21
4.0400000e-06 2.5705296e+21
4.0380000e-06 2.6154273e+21
4.0360000e-06 2.6399094e+21
4.0340000e-06 2.5531926e+21
4.0320000e-06 2.5407882e+21
4.0300000e-06 2.5482120e+21
4.0280000e-06 2.7268235e+21
4.0260000e-06 2.9971587e+21
4.0170000e-06 2.7822675e+21
4.0080000e-06 2.8127284e+21
4.0051667e-06 2.8875583e+21
4.0023333e-06 2.5998634e+21
3.9995000e-06 2.5424112e+21
3.9966667e-06 2.5662561e+21
3.9938333e-06 2.5580627e+21
3.9910000e-06 3.2285567e+21
3.9875714e-06 3.2115091e+21
3.9841429e-06 2.5452724e+21
3.9807143e-06 2.4285025e+21
3.9772857e-06 2.3543848e+21
3.9738571e-06 2.3426748e+21
3.9704286e-06 2.4016001e+21
3.9670000e-06 2.3876679e+21
3.9638333e-06 2.6665135e+21
3.9606667e-06 2.5790029e+21
3.9575000e-06 2.2900681e+21
3.9543333e-06 2.2085217e+21
3.9511667e-06 2.1683876e+21
3.9480000e-06 2.2842909e+21
3.9448333e-06 2.2261946e+21
3.9416667e-06 2.2098169e+21
3.9385000e-06 2.2183195e+21
3.9353333e-06 2.1635473e+21
3.9321667e-06 2.2073986e+21
3.9290000e-06 2.2041607e+21
3.9258333e-06 2.2253235e+21
3.9226667e-06 2.1400984e+21
3.9195000e-06 2.1494015e+21
3.9163333e-06 2.1369198e+21
3.9131667e-06 2.0937161e+21
3.9100000e-06 2.0891199e+21
3.9068333e-06 2.0674013e+21
3.9036667e-06 2.1089209e+21
3.9005000e-06 2.0111017e+21
3.8973333e-06 2.0291608e+21
3.8941667e-06 2.0926351e+21
3.8910000e-06 2.1507117e+21
3.8880370e-06 2.1455538e+21
3.8850741e-06 2.0434097e+21
3.8821111e-06 2.0230661e+21
3.8791481e-06 1.9797347e+21
3.8761852e-06 2.0208114e+21
3.8732222e-06 1.9681086e+21
3.8702593e-06 1.9473342e+21
3.8672963e-06 1.9373023e+21
3.8643333e-06 1.9629051e+21
3.8613704e-06 1.9161969e+21
3.8584074e-06 2.0006315e+21
3.8554444e-06 1.9779317e+21
3.8524815e-06 1.9593242e+21
3.8495185e-06 1.8860403e+21
3.8465556e-06 1.8488904e+21
3.8435926e-06 1.8300599e+21
3.8406296e-06 1.8900335e+21
3.8376667e-06 1.8481303e+21
3.8347037e-06 1.8289978e+21
3.8317407e-06 1.8393510e+21
3.8287778e-06 1.7986882e+21
3.8258148e-06 1.6848958e+21
3.8228519e-06 1.7422799e+21
3.8198889e-06 1.7353851e+21
3.8169259e-06 1.7051892e+21
3.8139630e-06 1.8067809e+21
3.8110000e-06 1.8839098e+21
3.8081429e-06 1.7628453e+21
3.8052857e-06 1.7394411e+21
3.8024286e-06 1.7251103e+21
3.7995714e-06 1.7052217e+21
3.7967143e-06 1.7095318e+21
3.7938571e-06 1.6711875e+21
3.7910000e-06 1.6173519e+21
3.7881429e-06 1.5523578e+21
3.7852857e-06 1.4923530e+21
3.7824286e-06 1.5100451e+21
3.7795714e-06 1.5303167e+21
3.7767143e-06 1.5381591e+21
3.7738571e-06 1.4933620e+21
3.7710000e-06 1.4709971e+21
3.7681429e-06 1.4898068e+21
3.7652857e-06 1.4773197e+21
3.7624286e-06 1.4209102e+21
3.7595714e-06 1.3702664e+21
3.7567143e-06 1.4010457e+21
3.7538571e-06 1.3773577e+21
3.7510000e-06 1.3162447e+21
3.7481429e-06 1.2953535e+21
3.7452857e-06 1.3122294e+21
3.7424286e-06 1.3028036e+21
3.7395714e-06 1.3147864e+21
3.7367143e-06 1.3241602e+21
3.7338571e-06 1.1895218e+21
3.7310000e-06 8.6243828e+20
3.7281429e-06 7.7020715e+20
3.7252857e-06 8.3267535e+20
3.7224286e-06 6.5765007e+20
3.7195714e-06 4.9233242e+20
3.7167143e-06 4.7001810e+20
3.7138571e-06 5.8295233e+20
3.7110000e-06 6.9178385e+20
3.7081429e-06 5.6924985e+20
3.7052857e-06 4.5869110e+20
3.7024286e-06 4.5153218e+20
3.6995714e-06 4.5103274e+20
3.6967143e-06 4.5379326e+20
3.6938571e-06 5.2377356e+20
3.6910000e-06 5.7572892e+20
3.6863333e-06 5.8342960e+20
3.6816667e-06 4.9689942e+20
3.6770000e-06 4.3448252e+20
3.6723333e-06 5.1374579e+20
3.6676667e-06 5.2571021e+20
3.6630000e-06 5.9919135e+20
3.6583333e-06 7.5405588e+20
3.6536667e-06 6.0698137e+20
3.6490000e-06 4.6308095e+20
3.6410000e-06 4.7178835e+20
3.6330000e-06 5.5227486e+20
3.6300000e-06 5.8247411e+20
3.6270000e-06 4.9014907e+20
3.6240000e-06 4.9722930e+20
3.6210000e-06 5.6441721e+20
3.6173951e-06 5.2962829e+20
3.6137901e-06 4.7421019e+20
3.6101852e-06 4.4691284e+20
3.6065802e-06 4.3586013e+20
3.6029753e-06 4.4034661e+20
3.5993704e-06 4.4026457e+20
3.5957654e-06 4.1072871e+20
3.5921605e-06 3.8666202e+20
3.5885556e-06 4.0974940e+20
3.5849506e-06 4.2847228e+20
3.5813457e-06 4.0690278e+20
3.5777407e-06 3.9725368e+20
3.5741358e-06 4.1059756e+20
3.5705309e-06 4.1868166e+20
3.5669259e-06 4.0162875e+20
3.5633210e-06 3.7119134e+20
3.5597160e-06 3.8290062e+20
3.5561111e-06 3.8833944e+20
3.5525062e-06 3.7890370e+20
3.5489012e-06 3.8465209e+20
3.5452963e-06 3.8015988e+20
3.5416914e-06 3.9599457e+20
3.5380864e-06 3.7953361e+20
3.5344815e-06 3.6473453e+20
3.5308765e-06 3.6095122e+20
3.5272716e-06 3.6504750e+20
3.5236667e-06 3.7684857e+20
3.5200617e-06 3.5594675e+20
3.5164568e-06 3.3986870e+20
3.5128519e-06 3.3474902e+20
3.5092469e-06 3.2957635e+20
3.5056420e-06 3.2555853e+20
3.5020370e-06 3.0877414e+20
3.4984321e-06 3.0471230e+20
3.4948272e-06 3.2744502e+20
3.4912222e-06 3.2300550e+20
3.4876173e-06 2.9734557e+20
3.4840123e-06 2.8274838e+20
3.4804074e-06 2.6923693e+20
3.4768025e-06 2.7456897e+20
3.4731975e-06 2.8715349e+20
3.4695926e-06 2.7759793e+20
3.4659877e-06 2.6884267e+20
3.4623827e-06 2.7959518e+20
3.4587778e-06 2.6705062e+20
3.4551728e-06 2.5047128e+20
3.4515679e-06 2.5825804e+20
3.4479630e-06 2.5036285e+20
3.4443580e-06 2.2867211e+20
3.4407531e-06 2.4411074e+20
3.4371481e-06 2.4425575e+20
3.4335432e-06 2.1628223e+20
3.4299383e-06 2.0763163e+20
3.4263333e-06 1.9275828e+20
3.4227284e-06 1.7496429e+20
3.4191235e-06 1.7593481e+20
3.4155185e-06 1.9212768e+20
3.4119136e-06 1.9912052e+20
3.4083086e-06 1.8173335e+20
3.4047037e-06 1.6151188e+20
3.4010988e-06 1.8210908e+20
3.3974938e-06 1.8494271e+20
3.3938889e-06 1.9873308e+20
3.3902840e-06 2.1386095e+20
3.3866790e-06 1.9113070e+20
3.3830741e-06 1.7450479e+20
3.3794691e-06 1.7134460e+20
3.3758642e-06 1.7289838e+20
3.3722593e-06 1.4404334e+20
3.3686543e-06 1.3757732e+20
3.3650494e-06 1.8146395e+20
3.3614444e-06 2.3805996e+20
3.3578395e-06 2.5951223e+20
3.3542346e-06 2.6466736e+20
3.3506296e-06 2.7289915e+20
3.3470247e-06 2.9221976e+20
3.3434198e-06 3.0071915e+20
3.3398148e-06 2.9373695e+20
3.3362099e-06 3.0151532e+20
3.3326049e-06 3.8993503e+20
3.3290000e-06 5.0727883e+20
3.3254000e-06 3.9914706e+20
3.3218000e-06 2.6152490e+20
3.3182000e-06 3.5281241e+20
3.3146000e-06 4.3872952e+20
3.3110000e-06 4.6339966e+20
3.3070444e-06 4.3231169e+20
3.3030889e-06 2.8868498e+20
3.2991333e-06 2.4447180e+20
3.2951778e-06 2.4279053e+20
3.2912222e-06 2.7625704e+20
3.2872667e-06 2.8907671e+20
3.2833111e-06 2.4807537e+20
3.2793556e-06 2.3204921e+20
3.2754000e-06 2.4072880e+20
3.2714444e-06 2.4920069e+20
3.2674889e-06 2.4273168e+20
3.2635333e-06 2.4534881e+20
3.2595778e-06 2.4225666e+20
3.2556222e-06 2.3495405e+20
3.2516667e-06 2.3676828e+20
3.2477111e-06 2.5432152e+20
3.2437556e-06 2.6709052e+20
3.2398000e-06 2.7766155e+20
3.2358444e-06 3.1120076e+20
3.2318889e-06 3.6684196e+20
3.2279333e-06 3.3947848e+20
3.2239778e-06 2.8624568e+20
3.2200222e-06 2.6164182e+20
3.2160667e-06 2.2153265e+20
3.2121111e-06 1.9839245e+20
3.2081556e-06 1.9627180e+20
3.2042000e-06 1.7904622e+20
3.2002444e-06 1.7194322e+20
3.1962889e-06 1.8925042e+20
3.1923333e-06 1.7948590e+20
3.1883778e-06 1.4930650e+20
3.1844222e-06 1.2549106e+20
3.1804667e-06 9.6211553e+19
3.1765111e-06 8.2201666e+19
3.1725556e-06 1.2622900e+20
3.1686000e-06 1.3498763e+20
3.1646444e-06 1.1359009e+20
3.1606889e-06 9.0570385e+19
3.1567333e-06 8.8098071e+19
3.1527778e-06 9.2025010e+19
3.1488222e-06 7.6464502e+19
3.1448667e-06 7.4002206e+19
3.1409111e-06 8.9219021e+19
3.1369556e-06 2.5552863e+20
3.1330000e-06 5.1052382e+20
3.1287222e-06 3.3067568e+20
3.1244444e-06 9.1196195e+19
3.1201667e-06 8.1984700e+19
3.1158889e-06 7.1048851e+19
3.1116111e-06 7.8363102e+19
3.1073333e-06 6.3481761e+19
3.1030556e-06 6.7887504e+19
3.0987778e-06 9.6228783e+19
3.0945000e-06 8.8726332e+19
3.0902222e-06 8.1909429e+19
3.0859444e-06 8.6035575e+19
3.0816667e-06 8.7926730e+19
3.0773889e-06 8.6110970e+19
3.0731111e-06 8.3658322e+19
3.0688333e-06 9.3803650e+19
3.0645556e-06 9.9737226e+19
3.0602778e-06 8.8792287e+19
3.0560000e-06 8.2407439e+19
3.0517222e-06 8.1037809e+19
3.0474444e-06 7.7280272e+19
3.0431667e-06 9.5524302e+19
3.0388889e-06 1.0527861e+20
3.0346111e-06 8.6928434e+19
3.0303333e-06 7.8794579e+19
3.0260556e-06 7.7062856e+19
3.0217778e-06 7.4605402e+19
3.0175000e-06 6.5701950e+19
3.0132222e-06 5.5985828e+19
3.0089444e-06 5.5305072e+19
3.0046667e-06 5.4608669e+19
3.0003889e-06 5.3780164e+19
2.9961111e-06 5.6622601e+19
2.9918333e-06 5.6425012e+19
2.9875556e-06 5.6922196e+19
2.9832778e-06 6.3342871e+19
2.9790000e-06 3.1275853e+20
2.9747917e-06 4.4573630e+20
2.9705833e-06 1.7604956e+20
2.9663750e-06 5.0827315e+19
2.9621667e-06 4.7762224e+19
2.9579583e-06 5.5544431e+19
2.9537500e-06 6.1137408e+19
2.9495417e-06 6.0184990e+19
2.9453333e-06 6.2656108e+19
2.9411250e-06 6.1420985e+19
2.9369167e-06 6.0070188e+19
2.9327083e-06 6.2147570e+19
2.9285000e-06 8.2088053e+19
2.9242917e-06 9.0281169e+19
2.9200833e-06 6.3373702e+19
2.9158750e-06 9.3260176e+19
2.9116667e-06 1.3750509e+20
2.9074583e-06 9.7017152e+19
2.9032500e-06 5.4695439e+19
2.8990417e-06 5.0393184e+19
2.8948333e-06 4.9066635e+19
2.8906250e-06 4.6221913e+19
2.8864167e-06 1.4742077e+20
2.8822083e-06 5.4069308e+20
2.8780000e-06 6.6740843e+20
2.8726667e-06 3.1795782e+20
2.8673333e-06 1.7265850e+20
2.8620000e-06 3.6509907e+20
2.8580000e-06 3.2415104e+20
2.8540000e-06 2.1363648e+20
2.8500000e-06 3.1974158e+20
2.8453235e-06 1.6390679e+20
2.8406471e-06 3.5726860e+19
2.8359706e-06 7.4074288e+19
2.8312941e-06 1.3426832e+20
2.8266176e-06 1.5248027e+20
2.8219412e-06 2.3863199e+20
2.8172647e-06 2.0188820e+20
2.8125882e-06 6.2079039e+19
2.8079118e-06 4.3812891e+19
2.8032353e-06 8.6050954e+19
2.7985588e-06 1.9368704e+20
2.7938824e-06 1.8718923e+20
2.7892059e-06 1.0110101e+20
2.7845294e-06 8.3269200e+19
2.7798529e-06 1.2667565e+20
2.7751765e-06 1.3692524e+20
2.7705000e-06 7.6958087e+19
2.7658235e-06 7.1076624e+19
2.7611471e-06 7.6569957e+19
2.7564706e-06 8.6060750e+19
2.7517941e-06 8.6217360e+19
2.7471176e-06 8.0214198e+19
2.7424412e-06 1.3176508e+20
2.7377647e-06 1.9352075e+20
2.7330882e-06 1.6495485e+20
2.7284118e-06 8.9483656e+19
2.7237353e-06 9.4453660e+19
2.7190588e-06 1.4661787e+20
2.7143824e-06 2.1070703e+20
2.7097059e-06 1.6601651e+20
2.7050294e-06 8.2350994e+19
2.7003529e-06 7.6570989e+19
2.6956765e-06 2.6231759e+20
2.6910000e-06 6.2821021e+20
2.6860400e-06 5.5070368e+20
2.6810800e-06 2.3848756e+20
2.6761200e-06 1.0922238e+20
2.6711600e-06 6.8683617e+19
2.6662000e-06 5.6313460e+19
2.6612400e-06 6.6655423e+19
2.6562800e-06 1.8470763e+20
2.6513200e-06 2.2610057e+20
2.6463600e-06 1.1112516e+20
2.6414000e-06 6.2902592e+19
2.6364400e-06 6.4907150e+19
2.6314800e-06 7.8794821e+19
2.6265200e-06 9.3172733e+19
2.6215600e-06 1.1305890e+20
2.6166000e-06 1.1198497e+20
2.6116400e-06 1.2801953e+20
2.6066800e-06 1.3797781e+20
2.6017200e-06 1.0700731e+20
2.5967600e-06 1.0335849e+20
2.5918000e-06 8.8440593e+19
2.5868400e-06 6.7241431e+19
2.5818800e-06 6.6838892e+19
2.5769200e-06 5.6234184e+19
2.5719600e-06 6.2167587e+19
2.5670000e-06 1.7276357e+20
2.5616667e-06 1.7065793e+20
2.5563333e-06 7.5834500e+19
2.5510000e-06 2.6672394e+20
2.5462500e-06 2.9466269e+20
2.5415000e-06 1.0169716e+20
2.5367500e-06 6.3779371e+19
2.5320000e-06 5.1939102e+19
2.5272500e-06 4.2334406e+19
2.5225000e-06 4.1773491e+19
2.5177500e-06 2.2217425e+20
2.5130000e-06 3.7776905e+20
2.5074762e-06 2.0079251e+20
2.5019524e-06 7.1315370e+19
2.4964286e-06 6.8223422e+19
2.4909048e-06 5.3422871e+19
2.4853810e-06 3.7076422e+19
2.4798571e-06 2.1805685e+19
2.4743333e-06 2.1536099e+19
2.4688095e-06 3.7011104e+19
2.4632857e-06 4.5786491e+19
2.4577619e-06 4.3552271e+19
2.4522381e-06 4.3148354e+19
2.4467143e-06 4.0488804e+19
2.4411905e-06 4.1767723e+19
2.4356667e-06 4.4881832e+19
2.4301429e-06 4.2686290e+19
2.4246190e-06 3.6641746e+19
2.4190952e-06 3.1148633e+19
2.4135714e-06 2.7652064e+19
2.4080476e-06 3.1658403e+19
2.4025238e-06 4.8010286e+19
2.3970000e-06 3.6911401e+20
2.3930000e-06 5.8129306e+20
2.3890000e-06 5.5874999e+20
2.3850000e-06 6.6527155e+20
2.3795385e-06 3.6133417e+20
2.3740769e-06 7.6079024e+19
2.3686154e-06 6.6624729e+19
2.3631538e-06 6.4164878e+19
2.3576923e-06 6.0635114e+19
