Title:
Authors:
Table:
================================================================================
Byte-by-byte Description of file: table.dat
--------------------------------------------------------------------------------
 Bytes Format Units  Label     Explanations
--------------------------------------------------------------------------------
 1-13  E13.8  m      wavelength [0.0/0.01] Description of wavelength
15-27  E13.8  ct.s-1 flux       [1.3880085276255335e+21/1.2042885051159236e+24]
                               Description of flux
--------------------------------------------------------------------------------
Notes:
--------------------------------------------------------------------------------
2.6170000e-06 4.9775473e+21
2.6130000e-06 5.2086829e+21
2.6090000e-06 5.4755040e+21
2.6050000e-06 5.2805226e+21
2.6010000e-06 5.4117772e+21
2.5970000e-06 4.6587227e+21
2.5930000e-06 3.0476714e+21
2.5890000e-06 2.7280018e+21
2.5850000e-06 1.4081549e+22
2.5810000e-06 1.9708635e+22
2.5770000e-06 6.8237927e+21
2.5730000e-06 3.2093061e+21
2.5690000e-06 1.7554954e+22
2.5650000e-06 1.8079586e+22
2.5610000e-06 6.8639449e+21
2.5570000e-06 6.5030981e+21
2.5530000e-06 6.1450510e+21
2.5490000e-06 6.3588706e+21
2.5450000e-06 6.4399065e+21
2.5410000e-06 7.1389848e+21
2.5370000e-06 7.3665706e+21
2.5330000e-06 6.8391133e+21
2.5290000e-06 7.4517309e+21
2.5250000e-06 8.4744223e+21
2.5210000e-06 8.6927122e+21
2.5170000e-06 8.4287636e+21
2.5130000e-06 9.4092833e+21
2.5090000e-06 1.1876994e+22
2.5050000e-06 1.2746913e+22
2.5010000e-06 1.0811843e+22
2.4970000e-06 1.0268268e+22
2.4930000e-06 1.0458991e+22
2.4890000e-06 1.1262807e+22
2.4850000e-06 4.4180400e+22
2.4810000e-06 4.2208100e+22
2.4770000e-06 1.0443245e+22
2.4730000e-06 8.9004962e+21
2.4690000e-06 9.5399604e+21
2.4650000e-06 9.9506198e+21
2.4610000e-06 1.0376731e+22
2.4570000e-06 1.0045264e+22
2.4530000e-06 9.8218864e+21
2.4490000e-06 9.9156200e+21
2.4450000e-06 9.8221440e+21
2.4410000e-06 9.2205773e+21
2.4370000e-06 8.6166260e+21
2.4330000e-06 8.6590649e+21
2.4290000e-06 9.5204729e+21
2.4250000e-06 9.1835911e+21
2.4210000e-06 8.9738505e+21
2.4170000e-06 9.7449679e+21
2.4130000e-06 1.0723461e+22
2.4090000e-06 1.0313335e+22
2.4050000e-06 9.0898255e+21
2.4010000e-06 8.9676153e+21
2.3970000e-06 8.4991634e+21
2.3930000e-06 8.2801997e+21
2.3890000e-06 8.5379385e+21
2.3850000e-06 9.7407833e+21
2.3817727e-06 1.0613062e+22
2.3785455e-06 9.5857555e+21
2.3753182e-06 8.7356806e+21
2.3720909e-06 1.0473558e+22
2.3688636e-06 5.4734000e+22
2.3656364e-06 7.2507227e+22
2.3624091e-06 2.7715892e+22
2.3591818e-06 9.9066158e+21
2.3559545e-06 7.1768763e+21
2.3527273e-06 7.1197740e+21
2.3495000e-06 7.2507792e+21
2.3462727e-06 7.1375744e+21
2.3430455e-06 7.0859421e+21
2.3398182e-06 5.7064995e+21
2.3365909e-06 4.7738499e+21
2.3333636e-06 5.5592015e+21
2.3301364e-06 5.6277548e+21
2.3269091e-06 5.2847281e+21
2.3236818e-06 5.4889517e+21
2.3204545e-06 4.0575617e+22
2.3172273e-06 5.2001837e+22
2.3140000e-06 1.4235868e+22
2.3103448e-06 5.0553783e+21
2.3066897e-06 4.7235465e+21
2.3030345e-06 7.4312564e+21
2.2993793e-06 1.5163356e+22
2.2957241e-06 1.0213497e+22
2.2920690e-06 2.1908975e+21
2.2884138e-06 2.4485900e+21
2.2847586e-06 2.6722716e+21
2.2811034e-06 2.9497235e+21
2.2774483e-06 4.0056527e+21
2.2737931e-06 6.4096372e+21
2.2701379e-06 8.8604160e+21
2.2664828e-06 8.9991600e+22
2.2628276e-06 1.1321583e+23
2.2591724e-06 2.4582941e+22
2.2555172e-06 6.3067875e+21
2.2518621e-06 5.8031027e+21
2.2482069e-06 9.0657409e+21
2.2445517e-06 9.4271324e+21
2.2408966e-06 1.0762024e+22
2.2372414e-06 1.0478509e+22
2.2335862e-06 1.2329234e+22
2.2299310e-06 1.4584190e+23
2.2262759e-06 1.7335176e+23
2.2226207e-06 3.0555519e+22
2.2189655e-06 6.6187425e+21
2.2153103e-06 4.7706954e+21
2.2116552e-06 4.1004192e+21
2.2080000e-06 4.5145001e+21
2.2046250e-06 5.6109265e+21
2.2012500e-06 1.4862522e+22
2.1978750e-06 1.6381625e+22
2.1945000e-06 6.2870855e+21
2.1911250e-06 5.2702235e+21
2.1877500e-06 7.0259203e+21
2.1843750e-06 8.8807293e+21
2.1810000e-06 1.0265694e+22
2.1776250e-06 1.2539076e+22
2.1742500e-06 1.5913153e+22
2.1708750e-06 2.8209976e+22
2.1675000e-06 3.7148449e+22
2.1641250e-06 1.9828491e+22
2.1607500e-06 7.2163943e+21
2.1573750e-06 2.2063333e+22
2.1540000e-06 2.9897575e+22
2.1500000e-06 1.3542913e+22
2.1460000e-06 7.1207581e+21
2.1420000e-06 5.5288357e+21
2.1380000e-06 4.9261397e+21
2.1340000e-06 5.5329363e+21
2.1301111e-06 5.9106813e+21
2.1262222e-06 5.8274349e+21
2.1223333e-06 5.8595622e+21
2.1184444e-06 6.0349580e+21
2.1145556e-06 5.7810253e+21
2.1106667e-06 5.7343139e+21
2.1067778e-06 5.7984137e+21
2.1028889e-06 5.6476278e+21
2.0990000e-06 5.6829939e+21
2.0956364e-06 5.1750691e+21
2.0922727e-06 4.7449208e+21
2.0889091e-06 4.9204307e+21
2.0855455e-06 4.8461418e+21
2.0821818e-06 4.9291285e+21
2.0788182e-06 3.7739527e+21
2.0754545e-06 2.3052995e+21
2.0720909e-06 2.4587109e+21
2.0687273e-06 2.0276508e+21
2.0653636e-06 1.4572497e+21
2.0620000e-06 1.3880085e+21
2.0577143e-06 1.3994784e+21
2.0534286e-06 2.7232011e+21
2.0491429e-06 3.9862077e+21
2.0448571e-06 3.8654006e+21
2.0405714e-06 5.1537542e+21
2.0362857e-06 6.1383391e+21
2.0320000e-06 7.0420251e+21
2.0285000e-06 5.8069491e+21
2.0250000e-06 4.0633856e+21
2.0215000e-06 1.9634671e+22
2.0180000e-06 2.7933523e+22
2.0145000e-06 1.0534443e+22
2.0110000e-06 3.3103011e+21
2.0075000e-06 2.9979440e+21
2.0040000e-06 3.4442242e+21
2.0005000e-06 5.2019634e+21
1.9970000e-06 6.4899326e+21
1.9937500e-06 6.3272674e+21
1.9905000e-06 5.9300007e+21
1.9872500e-06 3.8017998e+21
1.9840000e-06 1.4910472e+21
1.9800833e-06 1.4212587e+21
1.9761667e-06 6.2879056e+22
1.9722500e-06 9.3570652e+22
1.9683333e-06 2.9354915e+22
1.9644167e-06 1.1037525e+22
1.9605000e-06 9.6267691e+21
1.9565833e-06 7.3699399e+21
1.9526667e-06 7.8055430e+21
1.9487500e-06 7.5437208e+21
1.9448333e-06 6.6584709e+21
1.9409167e-06 6.8179556e+21
1.9370000e-06 7.3352349e+21
1.9330833e-06 8.6495981e+21
1.9291667e-06 2.6017052e+22
1.9252500e-06 2.9883680e+22
1.9213333e-06 1.1099095e+22
1.9174167e-06 6.6193265e+21
1.9135000e-06 6.2052983e+21
1.9095833e-06 5.9750453e+21
1.9056667e-06 6.0003779e+21
1.9017500e-06 6.9773329e+21
1.8978333e-06 7.1975930e+21
1.8939167e-06 6.1384638e+21
1.8900000e-06 6.2663252e+21
1.8860833e-06 7.3373861e+21
1.8821667e-06 1.5946370e+22
1.8782500e-06 2.9002844e+23
1.8743333e-06 2.9020497e+23
1.8704167e-06 2.1630058e+22
1.8665000e-06 6.9736460e+21
1.8625833e-06 5.6005367e+21
1.8586667e-06 2.0207431e+22
1.8547500e-06 2.3084109e+22
1.8508333e-06 8.3135640e+21
1.8469167e-06 8.0937824e+21
1.8430000e-06 8.5875635e+21
1.8390769e-06 3.0333907e+22
1.8351538e-06 7.4928687e+22
1.8312308e-06 5.1140564e+22
1.8273077e-06 2.5234326e+22
1.8233846e-06 2.1223312e+22
1.8194615e-06 6.3229077e+21
1.8155385e-06 6.1909103e+21
1.8116154e-06 6.7853573e+21
1.8076923e-06 6.9840944e+21
1.8037692e-06 9.8330708e+21
1.7998462e-06 1.1897269e+22
1.7959231e-06 1.2108019e+22
1.7920000e-06 8.4425165e+21
1.7877273e-06 3.6389127e+21
1.7834545e-06 4.4207862e+22
1.7791818e-06 5.0366011e+22
1.7749091e-06 1.3991849e+22
1.7706364e-06 1.8850715e+22
1.7663636e-06 1.1697964e+22
1.7620909e-06 6.8365546e+21
1.7578182e-06 8.0786777e+21
1.7535455e-06 7.8208664e+21
1.7492727e-06 7.1284166e+21
1.7450000e-06 5.4454267e+21
1.7413077e-06 4.4369723e+21
1.7376154e-06 5.3249636e+21
1.7339231e-06 5.1768948e+21
1.7302308e-06 4.1756531e+21
1.7265385e-06 5.3576350e+21
1.7228462e-06 1.1645152e+22
1.7191538e-06 1.6340533e+22
1.7154615e-06 3.0709850e+22
1.7117692e-06 4.0845127e+22
1.7080769e-06 1.8176632e+22
1.7043846e-06 3.4784906e+21
1.7006923e-06 1.6497683e+22
1.6970000e-06 2.0472216e+22
1.6931216e-06 7.0915965e+21
1.6892432e-06 3.3444526e+22
1.6853649e-06 6.5083802e+22
1.6814865e-06 3.3029468e+22
1.6776081e-06 5.6026038e+21
1.6737297e-06 5.7398540e+21
1.6698514e-06 5.8968887e+21
1.6659730e-06 5.5715875e+21
1.6620946e-06 5.6628398e+21
1.6582162e-06 7.0805164e+21
1.6543378e-06 8.1990020e+21
1.6504595e-06 8.3380904e+21
1.6465811e-06 2.8283116e+22
1.6427027e-06 3.6900875e+22
1.6388243e-06 1.7731623e+22
1.6349459e-06 8.0896962e+21
1.6310676e-06 4.7864599e+21
1.6271892e-06 4.4624569e+21
1.6233108e-06 3.7439356e+21
1.6194324e-06 2.8984858e+21
1.6155541e-06 2.8566072e+21
1.6116757e-06 3.4137069e+21
1.6077973e-06 7.6743617e+21
1.6039189e-06 1.5319510e+22
1.6000405e-06 1.0631753e+22
1.5961622e-06 4.0407129e+21
1.5922838e-06 5.8383903e+21
1.5884054e-06 1.0353204e+23
1.5845270e-06 9.8825838e+22
1.5806486e-06 7.5938779e+21
1.5767703e-06 7.3164099e+21
1.5728919e-06 7.6682107e+21
1.5690135e-06 2.4631187e+22
1.5651351e-06 2.5873102e+22
1.5612568e-06 2.6935069e+22
1.5573784e-06 4.0585422e+22
1.5535000e-06 2.1147990e+22
1.5496216e-06 2.1996667e+23
1.5457432e-06 4.3418562e+23
1.5418649e-06 2.5878012e+23
1.5379865e-06 2.3225301e+23
1.5341081e-06 2.0701099e+23
1.5302297e-06 3.1604681e+22
1.5263514e-06 3.1685422e+23
1.5224730e-06 5.6921791e+23
1.5185946e-06 2.3271019e+23
1.5147162e-06 2.4249954e+22
1.5108378e-06 1.6293519e+23
1.5069595e-06 2.4299358e+23
1.5030811e-06 1.6784832e+23
1.4992027e-06 3.1234623e+23
1.4953243e-06 3.6854046e+23
1.4914459e-06 2.6666918e+23
1.4875676e-06 1.3515988e+23
1.4836892e-06 6.1953541e+21
1.4798108e-06 5.3628704e+21
1.4759324e-06 5.2120393e+21
1.4720541e-06 2.2308348e+22
1.4681757e-06 6.0957395e+22
1.4642973e-06 3.9511118e+23
1.4604189e-06 5.3900469e+23
1.4565405e-06 1.5435779e+23
1.4526622e-06 7.8784455e+21
1.4487838e-06 8.3416301e+21
1.4449054e-06 2.9673321e+22
1.4410270e-06 2.7627343e+22
1.4371486e-06 1.8857305e+22
1.4332703e-06 3.6699315e+22
1.4293919e-06 2.3188303e+22
1.4255135e-06 5.9309707e+21
1.4216351e-06 6.3663489e+21
1.4177568e-06 6.0257317e+21
1.4138784e-06 5.1122622e+21
1.4100000e-06 1.2423150e+22
1.4064545e-06 7.3863840e+22
1.4029091e-06 1.8977090e+23
1.3993636e-06 1.8205092e+23
1.3958182e-06 8.4294558e+22
1.3922727e-06 4.6338438e+22
1.3887273e-06 2.6802342e+22
1.3851818e-06 7.2795371e+21
1.3816364e-06 3.3820507e+21
1.3780909e-06 3.5717564e+21
1.3745455e-06 3.7546508e+21
1.3710000e-06 6.5478960e+21
1.3670000e-06 3.1483571e+22
1.3630000e-06 4.3999466e+22
1.3590000e-06 2.0160138e+22
1.3550000e-06 6.2124679e+21
1.3510000e-06 6.6752680e+21
1.3477143e-06 4.7983749e+21
1.3444286e-06 5.5802420e+21
1.3411429e-06 7.9984916e+21
1.3378571e-06 6.9150594e+21
1.3345714e-06 6.2715660e+21
1.3312857e-06 4.9965911e+21
1.3280000e-06 3.9243961e+21
1.3248000e-06 3.8318816e+21
1.3216000e-06 5.8708421e+21
1.3184000e-06 1.3248908e+22
1.3152000e-06 1.7995832e+22
1.3120000e-06 5.0824779e+22
1.3088000e-06 4.1034973e+22
1.3056000e-06 3.0543770e+21
1.3024000e-06 3.6892472e+21
1.2992000e-06 4.2202345e+21
1.2960000e-06 4.1069429e+21
1.2926000e-06 2.3181159e+22
1.2892000e-06 3.7206533e+22
1.2858000e-06 2.1916931e+22
1.2824000e-06 1.1506786e+22
1.2790000e-06 1.0523924e+22
1.2756000e-06 7.4469924e+21
1.2722000e-06 2.8587074e+21
1.2688000e-06 2.4810534e+21
1.2654000e-06 2.3705969e+21
1.2620000e-06 2.5169232e+21
1.2586000e-06 2.6897725e+21
1.2552000e-06 2.7210438e+21
1.2518000e-06 2.8389741e+21
1.2484000e-06 2.9879357e+21
1.2450000e-06 3.7164279e+21
1.2420000e-06 9.8308742e+21
1.2390000e-06 1.0117502e+22
1.2360000e-06 3.3892083e+21
1.2330000e-06 2.9872083e+21
1.2300000e-06 3.2607745e+21
1.2270000e-06 4.6942995e+21
1.2240000e-06 4.0882708e+21
1.2210000e-06 3.9877002e+21
1.2180000e-06 4.2319796e+21
1.2150000e-06 2.0124810e+21
1.2120000e-06 1.5179939e+21
1.2090000e-06 2.2376328e+21
1.2060000e-06 3.5712769e+21
1.2030000e-06 4.0685696e+21
1.2000000e-06 3.8499220e+21
1.1970000e-06 1.1956952e+22
1.1940000e-06 3.2184856e+22
1.1910000e-06 2.2090133e+22
1.1880000e-06 3.3377691e+21
1.1850000e-06 3.5426911e+21
1.1820000e-06 3.0541684e+21
1.1790000e-06 3.2917196e+21
1.1760000e-06 4.0687408e+21
1.1730000e-06 5.8967045e+21
1.1700000e-06 4.7020875e+22
1.1670000e-06 5.2261018e+22
1.1644286e-06 1.1011392e+22
1.1618571e-06 2.8280139e+21
1.1592857e-06 2.6053183e+21
1.1567143e-06 2.3758949e+21
1.1541429e-06 2.3570903e+21
1.1515714e-06 3.4333517e+21
1.1490000e-06 3.6290778e+21
1.1462667e-06 2.7911214e+21
1.1435333e-06 2.5953997e+21
1.1408000e-06 2.6325680e+21
1.1380667e-06 2.8017154e+21
1.1353333e-06 3.1507321e+21
1.1326000e-06 3.7201410e+21
1.1298667e-06 3.8077433e+21
1.1271333e-06 3.3845085e+21
1.1244000e-06 3.4023034e+21
1.1216667e-06 3.8245878e+21
1.1189333e-06 5.3691062e+21
1.1162000e-06 5.6878567e+21
1.1134667e-06 3.8872256e+21
1.1107333e-06 3.5830101e+21
1.1080000e-06 3.7375166e+21
1.1052667e-06 3.4011577e+21
1.1025333e-06 3.1414430e+21
1.0998000e-06 3.1212931e+21
1.0970667e-06 3.3239236e+21
1.0943333e-06 3.4287583e+21
1.0916000e-06 3.4216709e+21
1.0888667e-06 3.6186259e+21
1.0861333e-06 3.8540372e+21
1.0834000e-06 5.1118430e+22
1.0806667e-06 9.2076861e+22
1.0779333e-06 3.9845229e+22
1.0752000e-06 4.0008525e+21
1.0724667e-06 3.6828677e+21
1.0697333e-06 4.2914528e+21
1.0670000e-06 2.5732753e+22
1.0645000e-06 1.2270110e+23
1.0620000e-06 1.0789807e+23
1.0595000e-06 1.0500115e+22
1.0570000e-06 3.2737096e+21
1.0545000e-06 2.5470787e+21
1.0520000e-06 2.4437426e+21
1.0495000e-06 2.4216314e+21
1.0470000e-06 2.4602620e+21
1.0448750e-06 2.5386937e+21
1.0427500e-06 2.4921638e+21
1.0406250e-06 2.3724401e+21
1.0385000e-06 2.3510488e+21
1.0363750e-06 2.3271684e+21
1.0342500e-06 2.4095189e+21
1.0321250e-06 2.6564817e+21
1.0300000e-06 2.9422199e+21
1.0278750e-06 8.4455568e+21
1.0257500e-06 9.1592331e+21
1.0236250e-06 3.4855175e+21
1.0215000e-06 3.8800915e+21
1.0193750e-06 5.5693403e+21
1.0172500e-06 4.4528006e+21
1.0151250e-06 3.5412975e+21
1.0130000e-06 5.4183332e+22
1.0108750e-06 8.1361773e+22
1.0087500e-06 2.7434948e+22
1.0066250e-06 5.1497419e+21
1.0045000e-06 5.2415941e+21
1.0023750e-06 8.0997725e+21
1.0002500e-06 9.9027778e+23
9.9812500e-07 1.2042885e+24
9.9600000e-07 1.4892038e+23
9.9387500e-07 6.3158737e+21
9.9175000e-07 4.0041193e+21
9.8962500e-07 3.5244283e+21
9.8750000e-07 4.0324915e+21
9.8537500e-07 4.3444600e+21
9.8325000e-07 3.8230855e+21
9.8112500e-07 3.3785969e+21
9.7900000e-07 3.3610173e+21
9.7714286e-07 3.1461909e+21
9.7528571e-07 2.9152198e+21
9.7342857e-07 3.1048975e+21
9.7157143e-07 3.2277844e+21
9.6971429e-07 2.9011069e+21
9.6785714e-07 3.1597601e+21
9.6600000e-07 3.7078327e+21
9.6416667e-07 3.2092441e+21
9.6233333e-07 2.6802409e+21
9.6050000e-07 2.2951295e+21
9.5866667e-07 1.9176813e+21
9.5683333e-07 2.4343530e+21
9.5500000e-07 2.8957279e+21
9.5316667e-07 2.6864533e+21
9.5133333e-07 2.8664427e+21
9.4950000e-07 3.1985450e+21
9.4766667e-07 2.9828270e+21
9.4583333e-07 3.0281061e+21
9.4400000e-07 3.3292289e+21
9.4216667e-07 4.7177916e+21
9.4033333e-07 4.1616374e+21
9.3850000e-07 2.6128243e+21
9.3666667e-07 2.4387857e+21
9.3483333e-07 2.6102426e+21
9.3300000e-07 3.0814718e+21
9.3116667e-07 3.0160937e+21
9.2933333e-07 3.0198255e+21
9.2750000e-07 2.8643102e+21
9.2566667e-07 2.5965176e+21
9.2383333e-07 8.2937653e+21
9.2200000e-07 1.5746933e+22
9.2020000e-07 1.0577732e+22
9.1840000e-07 3.5267425e+21
9.1660000e-07 2.7003119e+21
9.1480000e-07 2.6692332e+21
9.1300000e-07 2.3097664e+21
9.1151220e-07 2.6464230e+21
9.1002439e-07 1.4921846e+22
9.0853659e-07 4.2858251e+22
9.0704878e-07 4.1989727e+22
9.0556098e-07 1.9453607e+22
