Title:
Authors:
Table:
================================================================================
Byte-by-byte Description of file: table.dat
--------------------------------------------------------------------------------
 Bytes Format Units  Label     Explanations
--------------------------------------------------------------------------------
 1-13  E13.8  m      wavelength [0.0/0.01] Description of wavelength            
15-27  E13.8  ct.s-1 flux       [0.0/1.9138205246501314e+22] Description of flux
--------------------------------------------------------------------------------
Notes:
--------------------------------------------------------------------------------
1.0144000e-06 7.6004161e+03
1.0118000e-06 7.3533138e+03
1.0092000e-06 6.4291783e+03
1.0066000e-06 3.5699669e+20
1.0040000e-06 8.3861076e+20
1.0014000e-06 4.1609761e+20
9.9880000e-07 1.2943989e+05
9.9620000e-07 4.4828132e+03
9.9360000e-07 4.8041228e+03
9.9100000e-07 1.8234778e+21
9.8840000e-07 4.2322098e+21
9.8580000e-07 2.1406349e+21
9.8320000e-07 2.1756285e+09
9.8060000e-07 1.8891697e+21
9.7800000e-07 8.0195822e+21
9.7540000e-07 7.6798446e+21
9.7280000e-07 1.5805331e+21
9.7020000e-07 3.0882293e+18
9.6760000e-07 1.5567578e+03
9.6500000e-07 4.3994820e+03
9.6213333e-07 1.9625838e+21
9.5926667e-07 4.8201509e+21
9.5640000e-07 2.5354453e+21
9.5353333e-07 1.2779421e+11
9.5066667e-07 6.8584413e+02
9.4780000e-07 6.0866572e+02
9.4493333e-07 2.4442159e+15
9.4206667e-07 9.6320270e+21
9.3920000e-07 1.9138205e+22
9.3633333e-07 8.2291977e+21
9.3346667e-07 1.6050875e+17
9.3060000e-07 5.8604048e+20
9.2773333e-07 1.2175769e+22
9.2486667e-07 1.3363656e+22
9.2200000e-07 1.8889412e+21
9.1950000e-07 6.7539731e+21
9.1700000e-07 6.8750669e+21
9.1450000e-07 1.6070818e+20
9.1200000e-07 6.8714420e+01
9.0944444e-07 5.8034277e+01
9.0688889e-07 4.8884434e+01
9.0433333e-07 4.1213523e+01
9.0177778e-07 3.4602409e+01
8.9922222e-07 2.9206192e+01
8.9666667e-07 2.4587730e+01
8.9411111e-07 3.7808572e+20
8.9155556e-07 9.1892254e+21
8.8900000e-07 8.6121172e+21
8.8644444e-07 5.8236786e+19
8.8388889e-07 9.9244049e+09
8.8133333e-07 3.3646597e+21
8.7877778e-07 7.2428743e+21
8.7622222e-07 3.4835524e+21
8.7366667e-07 3.7432546e+08
8.7111111e-07 4.5046234e+00
8.6855556e-07 3.7868139e+00
8.6600000e-07 5.1706464e+20
8.6366667e-07 7.5818697e+21
8.6133333e-07 9.6129315e+21
8.5900000e-07 2.4236598e+21
8.5666667e-07 3.6574560e+17
8.5433333e-07 3.8785694e+20
8.5200000e-07 4.7968705e+20
8.4950000e-07 4.4081404e+20
8.4700000e-07 4.2509366e+21
8.4450000e-07 4.4071754e+21
8.4200000e-07 5.0401671e+20
8.3971429e-07 3.8538657e+14
8.3742857e-07 4.0725575e-01
8.3514286e-07 2.5062001e+15
8.3285714e-07 1.4601185e+21
8.3057143e-07 2.0282543e+21
8.2828571e-07 4.2696939e+20
8.2600000e-07 8.4851032e+18
8.2385714e-07 8.0579401e+20
8.2171429e-07 8.3339642e+20
8.1957143e-07 3.8750251e+19
8.1742857e-07 1.0778576e+21
8.1528571e-07 2.5785135e+21
8.1314286e-07 1.3207258e+21
8.1100000e-07 5.3805225e+10
8.0850000e-07 1.0522243e+13
8.0600000e-07 2.8082792e+21
8.0350000e-07 4.7314906e+21
8.0100000e-07 1.5671319e+21
7.9900000e-07 7.3527716e+07
7.9700000e-07 1.8884111e-02
7.9500000e-07 3.3494663e-01
7.9290909e-07 1.3812769e+21
7.9081818e-07 6.4475724e+21
7.8872727e-07 4.6640691e+21
7.8663636e-07 3.1310295e+17
7.8454545e-07 6.9806822e-03
7.8245455e-07 5.9395258e-03
7.8036364e-07 5.0170372e-03
7.7827273e-07 4.2649978e-03
7.7618182e-07 3.6149929e-03
7.7409091e-07 3.1093151e-03
7.7200000e-07 2.6388981e-03
7.7040000e-07 2.2413199e-03
7.6880000e-07 1.9030635e-03
7.6720000e-07 1.6158760e-03
7.6560000e-07 1.3698731e-03
7.6400000e-07 1.1619799e-03
7.6166667e-07 9.8882879e-04
7.5933333e-07 8.4376981e-04
7.5700000e-07 7.1355258e-04
7.5466667e-07 6.0719788e-04
7.5233333e-07 5.1049699e-04
7.5000000e-07 4.3474880e-04
7.4828571e-07 3.6521264e-04
7.4657143e-07 3.1008819e-04
7.4485714e-07 2.2365692e+16
7.4314286e-07 1.5783739e+21
7.4142857e-07 2.2516728e+21
7.3971429e-07 5.0198114e+20
7.3800000e-07 1.5015227e+06
7.3642857e-07 1.3308494e+13
7.3485714e-07 1.1103830e+21
7.3328571e-07 2.0108129e+21
7.3171429e-07 7.5218735e+20
7.3014286e-07 2.5735275e+10
7.2857143e-07 5.2502290e-05
7.2700000e-07 4.4504340e-05
7.2466667e-07 3.7694034e-05
7.2233333e-07 3.2209095e-05
7.2000000e-07 2.8051700e-05
7.1875000e-07 7.0308504e+19
7.1750000e-07 1.6209204e+21
7.1625000e-07 1.4987732e+21
7.1500000e-07 2.4502937e+19
7.1340000e-07 2.2341655e-04
7.1180000e-07 1.0505504e-05
7.1020000e-07 9.0330363e-06
7.0860000e-07 7.7256349e-06
7.0700000e-07 6.6859981e-06
7.0516667e-07 5.7306299e-06
7.0333333e-07 4.9855484e-06
7.0150000e-07 4.3475260e-06
6.9966667e-07 3.7234869e-06
6.9783333e-07 3.2897984e-06
6.9600000e-07 2.9079351e-06
6.9450000e-07 2.5123611e-06
6.9300000e-07 2.1914375e-06
6.9150000e-07 1.9861834e-06
6.9000000e-07 1.7998007e-06
6.8850000e-07 9.4465070e+09
6.8700000e-07 5.1795540e+20
6.8550000e-07 1.4721098e+21
6.8400000e-07 8.6260317e+20
6.8250000e-07 1.0781402e+21
6.8100000e-07 1.1760160e+21
6.7950000e-07 7.0252936e+20
6.7800000e-07 1.2711589e+21
6.7650000e-07 5.7868052e+20
6.7500000e-07 5.7031600e+12
6.7350000e-07 2.5978981e+20
6.7200000e-07 1.1723107e+21
6.7050000e-07 8.4326609e+20
6.6900000e-07 8.5762656e+20
6.6750000e-07 8.7158237e+20
6.6600000e-07 5.0486320e+19
6.6450000e-07 8.6688126e+03
6.6300000e-07 6.4478892e-07
6.6150000e-07 5.4175994e-07
6.6000000e-07 5.8880327e-07
6.5860000e-07 5.4827949e-07
6.5720000e-07 5.0998814e-07
6.5580000e-07 5.0012984e-07
6.5440000e-07 5.6551390e-07
6.5300000e-07 5.4153314e-07
6.5170000e-07 4.9042486e-07
6.5040000e-07 4.9240744e-07
6.4910000e-07 4.4780986e-07
6.4780000e-07 5.5895174e-07
6.4650000e-07 5.2003148e-07
6.4520000e-07 5.2870916e-07
6.4390000e-07 5.6045084e-07
6.4260000e-07 4.8652129e-07
6.4130000e-07 5.1680570e-07
6.4000000e-07 4.5175950e-07
6.3889286e-07 1.6978603e-02
6.3778571e-07 1.0084166e+19
6.3667857e-07 7.6158807e+21
6.3557143e-07 9.2212159e+21
6.3446429e-07 8.0366721e+21
6.3335714e-07 9.9438581e+21
6.3225000e-07 2.1800825e+21
6.3114286e-07 6.1488592e+11
6.3003571e-07 5.5795158e-07
6.2892857e-07 5.2412968e-07
6.2782143e-07 4.8055894e-07
6.2671429e-07 4.6019115e-07
6.2560714e-07 4.6513061e-07
6.2450000e-07 4.9497732e-07
6.2339286e-07 4.8052399e-07
6.2228571e-07 7.6342645e+06
6.2117857e-07 5.7691929e+19
6.2007143e-07 7.0715533e+20
6.1896429e-07 6.4149430e+20
6.1785714e-07 2.5059467e+19
6.1675000e-07 5.8585281e+01
6.1564286e-07 4.4650397e-07
6.1453571e-07 4.6186934e-07
6.1342857e-07 4.9101886e-07
6.1232143e-07 4.8619300e-07
6.1121429e-07 4.5959632e-07
6.1010714e-07 5.1522062e-07
6.0900000e-07 4.6443581e-07
6.0789286e-07 5.2307625e-07
6.0678571e-07 5.3438367e-07
6.0567857e-07 4.4822221e-07
6.0457143e-07 5.5508125e-07
6.0346429e-07 5.1347465e-07
6.0235714e-07 8.4228798e+10
6.0125000e-07 7.4205261e+19
6.0014286e-07 6.0567209e+20
5.9903571e-07 5.3536429e+20
5.9792857e-07 5.1136918e+17
5.9682143e-07 2.2500899e+19
5.9571429e-07 1.0247309e+22
5.9460714e-07 1.2763816e+22
5.9350000e-07 1.6972625e+21
5.9239286e-07 3.2578152e+11
5.9128571e-07 4.7307070e-07
5.9017857e-07 5.2616200e-07
5.8907143e-07 3.6286759e+13
5.8796429e-07 2.2091888e+20
5.8685714e-07 6.9852116e+20
5.8575000e-07 4.2673048e+20
5.8464286e-07 1.2435383e+16
5.8353571e-07 4.1217985e-01
5.8242857e-07 5.2639161e-07
5.8132143e-07 5.1898972e-07
5.8021429e-07 4.7896602e-07
5.7910714e-07 4.9046176e-07
5.7800000e-07 5.1093434e-07
5.7713514e-07 4.7680369e-07
5.7627027e-07 5.0597156e-07
5.7540541e-07 5.2020901e-07
5.7454054e-07 5.1481069e-07
5.7367568e-07 5.3653453e-07
5.7281081e-07 4.9433086e-07
5.7194595e-07 5.4225919e-07
5.7108108e-07 2.9547453e+05
5.7021622e-07 2.5817633e+18
5.6935135e-07 5.3749926e+20
5.6848649e-07 5.9742418e+20
5.6762162e-07 3.3794598e+19
5.6675676e-07 5.3207850e+08
5.6589189e-07 5.5345941e-07
5.6502703e-07 4.9918126e-07
5.6416216e-07 5.9040977e+04
5.6329730e-07 1.7188401e+18
5.6243243e-07 4.6338790e+20
5.6156757e-07 5.8330713e+20
5.6070270e-07 8.5906487e+19
5.5983784e-07 4.7922035e+08
5.5897297e-07 5.6972372e-07
5.5810811e-07 5.2898882e-07
5.5724324e-07 1.0584129e+11
5.5637838e-07 1.3365576e+20
5.5551351e-07 6.8136982e+20
5.5464865e-07 5.0538704e+20
5.5378378e-07 2.0290657e+17
5.5291892e-07 5.3825041e+01
5.5205405e-07 5.3323420e-07
5.5118919e-07 4.4783269e-07
5.5032432e-07 4.6435441e-07
5.4945946e-07 4.7561543e-07
5.4859459e-07 4.8284359e-07
5.4772973e-07 4.5364696e-07
5.4686486e-07 4.6671173e-07
5.4600000e-07 4.8450134e-07
5.4570270e-07 4.5506160e-07
5.4540541e-07 4.9854967e-07
5.4510811e-07 4.6474827e-07
5.4481081e-07 4.8975823e-07
5.4451351e-07 2.8887858e+04
5.4421622e-07 2.4797205e+18
5.4391892e-07 6.2370211e+20
5.4362162e-07 7.7924180e+20
5.4332432e-07 1.0892036e+20
5.4302703e-07 1.0862452e+14
5.4272973e-07 4.9501146e-07
5.4243243e-07 5.0222881e-07
5.4213514e-07 2.8830055e+00
5.4183784e-07 8.4877760e+16
5.4154054e-07 3.3341672e+20
5.4124324e-07 5.7708225e+20
5.4094595e-07 2.0776613e+20
5.4064865e-07 2.4245144e+16
5.4035135e-07 6.1003471e-01
5.4005405e-07 4.5945802e-07
5.3975676e-07 5.6654920e-04
5.3945946e-07 6.2172225e+15
5.3916216e-07 8.8578534e+20
5.3886486e-07 1.9153619e+21
5.3856757e-07 9.1205020e+20
5.3827027e-07 4.5221319e+17
5.3797297e-07 2.3106485e+03
5.3767568e-07 6.1410880e+14
5.3737838e-07 1.1192758e+20
5.3708108e-07 3.6886412e+20
5.3678378e-07 2.3476693e+20
5.3648649e-07 5.7612145e+17
5.3618919e-07 1.8361878e+03
5.3589189e-07 5.1650111e-07
5.3559459e-07 4.5010964e-07
5.3529730e-07 4.9073997e-07
5.3500000e-07 4.8973300e-07
5.3470270e-07 5.3219358e-07
5.3440541e-07 4.9775801e-07
5.3410811e-07 3.4956037e-02
5.3381081e-07 1.0295741e+10
5.3351351e-07 1.0387048e+20
5.3321622e-07 3.8885336e+20
5.3291892e-07 2.9085256e+20
5.3262162e-07 5.5660085e+18
5.3232432e-07 1.7717962e+09
5.3202703e-07 5.0784624e-07
5.3172973e-07 8.1048880e+02
5.3143243e-07 1.0375687e+18
5.3113514e-07 3.1899293e+20
5.3083784e-07 4.8703313e+20
5.3054054e-07 1.3907638e+20
5.3024324e-07 3.6953489e+14
5.2994595e-07 2.6392829e-06
5.2964865e-07 5.4859870e-07
5.2935135e-07 4.7618182e-07
5.2905405e-07 5.0013026e-07
5.2875676e-07 4.9707988e-07
5.2845946e-07 4.0705623e-07
5.2816216e-07 4.4008576e-07
5.2786486e-07 5.4090288e-07
5.2756757e-07 5.2368697e-07
5.2727027e-07 5.0008358e-07
5.2697297e-07 4.3086773e-07
5.2667568e-07 4.5781082e-07
5.2637838e-07 5.0243203e-07
5.2608108e-07 4.3647304e-07
5.2578378e-07 4.6420151e-07
5.2548649e-07 4.9658226e-07
5.2518919e-07 5.3833676e-07
5.2489189e-07 5.1126663e-07
5.2459459e-07 5.0333838e-07
5.2429730e-07 4.5713222e-07
5.2400000e-07 4.9892766e-07
5.2370270e-07 4.9877557e-07
5.2340541e-07 4.9195218e-07
5.2310811e-07 4.3303595e-07
5.2281081e-07 5.1659019e-07
5.2251351e-07 4.3711819e-07
5.2221622e-07 5.0784286e-07
5.2191892e-07 5.2875917e-07
5.2162162e-07 4.8488085e-07
5.2132432e-07 4.8460623e-07
5.2102703e-07 2.4451181e+00
5.2072973e-07 7.4510866e+11
5.2043243e-07 8.1577904e+19
5.2013514e-07 4.0358246e+20
5.1983784e-07 3.0484468e+20
5.1954054e-07 6.0523669e+18
5.1924324e-07 1.3638495e+05
5.1894595e-07 4.7174226e-07
5.1864865e-07 4.7758927e-07
5.1835135e-07 5.6031497e-07
5.1805405e-07 4.6426986e-07
5.1775676e-07 5.5882817e-07
5.1745946e-07 5.1877544e-07
5.1716216e-07 4.5470769e-07
5.1686486e-07 5.2556884e-07
5.1656757e-07 7.9467648e+13
5.1627027e-07 2.1581510e+19
5.1597297e-07 3.1775833e+20
5.1567568e-07 3.0818185e+20
5.1537838e-07 5.0781083e+17
5.1508108e-07 7.4432017e+10
5.1478378e-07 4.7392255e-07
5.1448649e-07 5.2532771e-07
5.1418919e-07 4.2957385e-07
5.1389189e-07 4.9701917e-07
5.1359459e-07 4.5861053e-07
5.1329730e-07 4.7423790e-07
5.1300000e-07 5.1836757e-07
5.1270270e-07 4.9139057e-07
5.1240541e-07 5.7076485e-07
5.1210811e-07 5.3211112e-07
5.1181081e-07 5.5980739e-07
5.1151351e-07 5.0599425e-07
5.1121622e-07 5.2039377e-07
5.1091892e-07 5.3331906e-07
5.1062162e-07 5.5709054e-07
5.1032432e-07 5.0406325e-07
5.1002703e-07 4.8495314e-07
5.0972973e-07 5.2539563e-07
5.0943243e-07 4.9598926e-07
5.0913514e-07 4.3499756e-07
5.0883784e-07 5.4259123e-07
5.0854054e-07 4.3084232e-07
5.0824324e-07 4.7424768e-07
5.0794595e-07 4.4636650e-07
5.0764865e-07 5.1970741e-07
5.0735135e-07 5.4459129e-07
5.0705405e-07 1.1325902e+06
5.0675676e-07 8.0633435e+15
5.0645946e-07 1.2749455e+21
5.0616216e-07 4.0937992e+21
5.0586486e-07 2.5640459e+21
5.0556757e-07 9.0872576e+17
5.0527027e-07 1.3157271e+10
5.0497297e-07 4.1392949e-07
5.0467568e-07 4.5872606e-07
5.0437838e-07 4.7161006e-07
5.0408108e-07 4.9293337e-07
5.0378378e-07 4.8873285e-07
5.0348649e-07 5.0585345e-07
5.0318919e-07 5.4036980e-07
5.0289189e-07 4.9868328e-07
5.0259459e-07 5.1502550e-07
5.0229730e-07 5.1578607e-07
5.0200000e-07 5.0873729e-07
5.0170270e-07 4.6872518e-07
5.0140541e-07 4.9789860e-07
5.0110811e-07 7.5458959e-07
5.0081081e-07 2.2044770e+07
5.0051351e-07 1.7564607e+16
5.0021622e-07 2.3558152e+20
4.9991892e-07 3.2461013e+20
4.9962162e-07 6.8762756e+19
4.9932432e-07 2.2343382e+15
4.9902703e-07 2.5654287e+06
4.9872973e-07 5.9198768e-07
4.9843243e-07 4.8036768e-07
4.9813514e-07 4.5425534e-07
4.9783784e-07 5.0114219e-07
4.9754054e-07 4.5860318e-07
4.9724324e-07 5.0586341e-07
4.9694595e-07 4.8212413e-07
4.9664865e-07 4.6970328e-07
4.9635135e-07 5.1649575e-07
4.9605405e-07 4.4405703e-07
4.9575676e-07 4.7025504e-07
4.9545946e-07 1.5509799e-02
4.9516216e-07 4.5108695e+10
4.9486486e-07 1.4184377e+18
4.9456757e-07 5.3832659e+20
4.9427027e-07 5.8810672e+20
4.9397297e-07 1.4587144e+19
4.9367568e-07 5.5358902e+12
4.9337838e-07 9.1057930e+01
4.9308108e-07 5.1442416e-07
4.9278378e-07 4.7863007e-07
4.9248649e-07 5.8016328e-07
4.9218919e-07 5.1917884e-07
4.9189189e-07 9.4034479e-03
4.9159459e-07 4.4939222e+16
4.9129730e-07 8.3789364e+19
4.9100000e-07 4.8178564e+20
4.9027632e-07 3.7094436e+20
4.8955263e-07 2.5025239e+18
4.8882895e-07 1.8162380e+12
4.8810526e-07 1.7174251e+01
4.8738158e-07 4.6188213e-07
4.8665789e-07 5.4076828e-07
4.8593421e-07 5.1663324e-07
4.8521053e-07 5.6246060e-07
4.8448684e-07 4.9286730e-07
4.8376316e-07 4.6804885e-07
4.8303947e-07 4.7164383e-07
4.8231579e-07 4.6779462e-07
4.8159211e-07 4.8605956e-07
4.8086842e-07 4.8911998e-07
4.8014474e-07 5.6125949e-07
4.7942105e-07 5.5487146e-07
4.7869737e-07 5.0453787e-07
4.7797368e-07 5.7206124e-07
4.7725000e-07 5.0139551e-07
4.7652632e-07 1.3438148e-05
4.7580263e-07 1.9354202e+09
4.7507895e-07 4.3232314e+17
4.7435526e-07 5.2827294e+20
4.7363158e-07 1.8775149e+21
4.7290789e-07 1.2424034e+21
4.7218421e-07 8.5199388e+18
4.7146053e-07 4.8951372e+12
4.7073684e-07 3.7916872e+01
4.7001316e-07 4.7814085e-07
4.6928947e-07 4.9805217e-07
4.6856579e-07 3.2674904e+05
4.6784211e-07 2.6604502e+19
4.6711842e-07 1.8129370e+21
4.6639474e-07 2.9888241e+21
4.6567105e-07 1.2201499e+21
4.6494737e-07 1.7901015e+16
4.6422368e-07 1.3143522e+07
4.6350000e-07 5.1859466e-07
4.6277632e-07 5.0324855e-07
4.6205263e-07 5.2965830e-07
4.6132895e-07 4.6362921e-07
4.6060526e-07 5.4982602e-07
4.5988158e-07 4.5099693e-07
4.5915789e-07 4.1503909e-07
4.5843421e-07 4.7554470e-07
4.5771053e-07 4.8687160e-07
4.5698684e-07 4.7911963e-07
4.5626316e-07 nan          
4.5553947e-07 nan          
4.5481579e-07 nan          
4.5409211e-07 4.7369801e-07
4.5336842e-07 4.9240069e-07
4.5264474e-07 4.7447615e-07
4.5192105e-07 4.7473057e-07
4.5119737e-07 4.4043058e-07
4.5047368e-07 4.9899652e-07
