Title:
Authors:
Table:
================================================================================
Byte-by-byte Description of file: table.dat
--------------------------------------------------------------------------------
 Bytes Format Units  Label     Explanations
--------------------------------------------------------------------------------
 1-13  E13.8  m      wavelength [0.0/0.01] Description of wavelength
15-27  E13.8  ---    efficiency Description of efficiency           
--------------------------------------------------------------------------------
Notes:
--------------------------------------------------------------------------------
1.0000000e-06 0.0000000e+00
2.0000000e-06 0.0000000e+00
2.2000000e-06 8.7827700e+01
2.2160000e-06 8.9700400e+01
2.2280000e-06 5.2809000e+01
2.2390000e-06 9.5131100e+01
2.3060000e-06 9.7378300e+01
2.3230000e-06 8.0337100e+01
2.3290000e-06 9.9250900e+01
2.3790000e-06 9.9812700e+01
2.4020000e-06 9.6441900e+01
2.4130000e-06 9.9812700e+01
2.7200000e-06 9.9812700e+01
3.0850000e-06 9.9812700e+01
3.1020000e-06 9.8876400e+01
3.1220000e-06 9.9812700e+01
3.2400000e-06 9.9812700e+01
3.2710000e-06 9.8689100e+01
3.3070000e-06 9.9625500e+01
3.6590000e-06 9.9812700e+01
3.6930000e-06 9.8127300e+01
3.7380000e-06 9.9625500e+01
3.9960000e-06 9.9438200e+01
4.0580000e-06 9.8501900e+01
4.1850000e-06 9.8127300e+01
4.2470000e-06 9.4382000e+01
4.3000000e-06 7.7153600e+01
4.3370000e-06 3.4082400e+01
4.3590000e-06 9.3630000e-01
4.3960000e-06 2.8090000e+00
4.4350000e-06 5.6180000e-01
4.4890000e-06 2.0599000e+00
4.5450000e-06 1.1236000e+00
4.6100000e-06 2.0599000e+00
4.6850000e-06 7.4910000e-01
4.7530000e-06 1.3109000e+00
4.8370000e-06 5.6180000e-01
4.9330000e-06 1.1236000e+00
4.9980000e-06 3.7450000e-01
5.0000000e-06 0.0000000e+00
6.0000000e-06 0.0000000e+00
