Title:
Authors:
Table:
================================================================================
Byte-by-byte Description of file: table.dat
--------------------------------------------------------------------------------
 Bytes Format Units  Label     Explanations
--------------------------------------------------------------------------------
 1-13  E13.8  m      wavelength [0.0/0.01] Description of wavelength
15-27  E13.8  ---    efficiency Description of efficiency           
--------------------------------------------------------------------------------
Notes:
--------------------------------------------------------------------------------
3.0000000e-07 0.0000000e+00
3.0470470e-07 0.0000000e+00
3.0940941e-07 0.0000000e+00
3.1411411e-07 0.0000000e+00
3.1881882e-07 0.0000000e+00
3.2352352e-07 0.0000000e+00
3.2822823e-07 0.0000000e+00
3.3293293e-07 0.0000000e+00
3.3763764e-07 0.0000000e+00
3.4234234e-07 0.0000000e+00
3.4704705e-07 0.0000000e+00
3.5175175e-07 0.0000000e+00
3.5645646e-07 0.0000000e+00
3.6116116e-07 0.0000000e+00
3.6586587e-07 0.0000000e+00
3.7057057e-07 0.0000000e+00
3.7527528e-07 0.0000000e+00
3.7997998e-07 0.0000000e+00
3.8468468e-07 0.0000000e+00
3.8938939e-07 0.0000000e+00
3.9409409e-07 0.0000000e+00
3.9879880e-07 0.0000000e+00
4.0350350e-07 0.0000000e+00
4.0820821e-07 0.0000000e+00
4.1291291e-07 0.0000000e+00
4.1761762e-07 0.0000000e+00
4.2232232e-07 0.0000000e+00
4.2702703e-07 0.0000000e+00
4.3173173e-07 0.0000000e+00
4.3643644e-07 0.0000000e+00
4.4114114e-07 0.0000000e+00
4.4584585e-07 0.0000000e+00
4.5055055e-07 0.0000000e+00
4.5525526e-07 0.0000000e+00
4.5995996e-07 0.0000000e+00
4.6466466e-07 0.0000000e+00
4.6936937e-07 0.0000000e+00
4.7407407e-07 0.0000000e+00
4.7877878e-07 0.0000000e+00
4.8348348e-07 0.0000000e+00
4.8818819e-07 0.0000000e+00
4.9289289e-07 0.0000000e+00
4.9759760e-07 0.0000000e+00
5.0230230e-07 0.0000000e+00
5.0700701e-07 0.0000000e+00
5.1171171e-07 0.0000000e+00
5.1641642e-07 0.0000000e+00
5.2112112e-07 0.0000000e+00
5.2582583e-07 0.0000000e+00
5.3053053e-07 0.0000000e+00
5.3523524e-07 0.0000000e+00
5.3993994e-07 0.0000000e+00
5.4464464e-07 0.0000000e+00
5.4934935e-07 0.0000000e+00
5.5405405e-07 0.0000000e+00
5.5875876e-07 0.0000000e+00
5.6346346e-07 0.0000000e+00
5.6816817e-07 0.0000000e+00
5.7287287e-07 0.0000000e+00
5.7757758e-07 0.0000000e+00
5.8228228e-07 0.0000000e+00
5.8698699e-07 0.0000000e+00
5.9169169e-07 0.0000000e+00
5.9639640e-07 0.0000000e+00
6.0110110e-07 0.0000000e+00
6.0580581e-07 0.0000000e+00
6.1051051e-07 0.0000000e+00
6.1521522e-07 0.0000000e+00
6.1991992e-07 0.0000000e+00
6.2462462e-07 0.0000000e+00
6.2932933e-07 0.0000000e+00
6.3403403e-07 0.0000000e+00
6.3873874e-07 0.0000000e+00
6.4344344e-07 0.0000000e+00
6.4814815e-07 0.0000000e+00
6.5285285e-07 0.0000000e+00
6.5755756e-07 0.0000000e+00
6.6226226e-07 0.0000000e+00
6.6696697e-07 0.0000000e+00
6.7167167e-07 0.0000000e+00
6.7637638e-07 0.0000000e+00
6.8108108e-07 0.0000000e+00
6.8578579e-07 0.0000000e+00
6.9049049e-07 0.0000000e+00
6.9519520e-07 0.0000000e+00
6.9989990e-07 0.0000000e+00
7.0460460e-07 3.5447916e-02
7.0930931e-07 7.1666439e-02
7.1401401e-07 1.0788496e-01
7.1871872e-07 1.4410348e-01
7.2342342e-07 1.8032201e-01
7.2812813e-07 2.1654053e-01
7.3283283e-07 2.5275905e-01
7.3753754e-07 2.8897758e-01
7.4224224e-07 3.2519610e-01
7.4694695e-07 3.6141462e-01
7.5165165e-07 3.9763315e-01
7.5635636e-07 4.3385167e-01
7.6106106e-07 4.7007019e-01
7.6576577e-07 5.0628871e-01
7.7047047e-07 5.4250724e-01
7.7517518e-07 5.7872576e-01
7.7987988e-07 6.1494428e-01
7.8458458e-07 6.5116281e-01
7.8928929e-07 6.8738133e-01
7.9399399e-07 7.2174014e-01
7.9869870e-07 7.5503634e-01
8.0340340e-07 7.8833254e-01
8.0810811e-07 8.2162875e-01
8.1281281e-07 8.5492495e-01
8.1751752e-07 8.8822115e-01
8.2222222e-07 9.2151736e-01
8.2692693e-07 9.5481356e-01
8.3163163e-07 9.8810976e-01
8.3633634e-07 9.9794120e-01
8.4104104e-07 9.9814877e-01
8.4574575e-07 9.9835634e-01
8.5045045e-07 9.9856391e-01
8.5515516e-07 9.9877149e-01
8.5985986e-07 9.9897906e-01
8.6456456e-07 9.9918663e-01
8.6926927e-07 9.9939420e-01
8.7397397e-07 9.9960177e-01
8.7867868e-07 9.9980934e-01
8.8338338e-07 9.9998621e-01
8.8808809e-07 9.9981705e-01
8.9279279e-07 9.9964789e-01
8.9749750e-07 9.9947872e-01
9.0220220e-07 9.9930956e-01
9.0690691e-07 9.9914039e-01
9.1161161e-07 9.9897123e-01
9.1631632e-07 9.9880206e-01
9.2102102e-07 9.9863290e-01
9.2572573e-07 9.9846373e-01
9.3043043e-07 9.9686685e-01
9.3513514e-07 9.9200189e-01
9.3983984e-07 9.8713693e-01
9.4454454e-07 9.8227197e-01
9.4924925e-07 9.8552284e-01
9.5395395e-07 9.8964361e-01
9.5865866e-07 9.9376438e-01
9.6336336e-07 9.9676261e-01
9.6806807e-07 9.9700972e-01
9.7277277e-07 9.9725683e-01
9.7747748e-07 9.9750394e-01
9.8218218e-07 9.9775105e-01
9.8688689e-07 9.9626294e-01
9.9159159e-07 9.9440973e-01
9.9629630e-07 9.9255653e-01
1.0010010e-06 9.9070332e-01
1.0057057e-06 9.9017070e-01
1.0104104e-06 9.9195995e-01
1.0151151e-06 9.9374919e-01
1.0198198e-06 9.9553844e-01
1.0245245e-06 9.9732769e-01
1.0292292e-06 9.9911694e-01
1.0339339e-06 9.9942285e-01
1.0386386e-06 9.9373979e-01
1.0433433e-06 9.8805673e-01
1.0480480e-06 9.8237367e-01
1.0527528e-06 9.7669062e-01
1.0574575e-06 9.8233402e-01
1.0621622e-06 9.9206335e-01
1.0668669e-06 1.0000000e+00
1.0715716e-06 1.0000000e+00
1.0762763e-06 1.0000000e+00
1.0809810e-06 1.0000000e+00
1.0856857e-06 1.0000000e+00
1.0903904e-06 1.0000000e+00
1.0950951e-06 1.0000000e+00
1.0997998e-06 1.0000000e+00
1.1045045e-06 9.9957710e-01
1.1092092e-06 9.9563343e-01
1.1139139e-06 9.9168976e-01
1.1186186e-06 9.8774609e-01
1.1233233e-06 9.8380242e-01
1.1280280e-06 9.7985875e-01
1.1327327e-06 9.8141440e-01
1.1374374e-06 9.8440203e-01
1.1421421e-06 9.8738966e-01
1.1468468e-06 9.9037729e-01
1.1515516e-06 9.9336492e-01
1.1562563e-06 9.9635255e-01
1.1609610e-06 9.9934018e-01
1.1656657e-06 1.0000000e+00
1.1703704e-06 1.0000000e+00
1.1750751e-06 1.0000000e+00
1.1797798e-06 1.0000000e+00
1.1844845e-06 1.0000000e+00
1.1891892e-06 1.0000000e+00
1.1938939e-06 1.0000000e+00
1.1985986e-06 1.0000000e+00
1.2033033e-06 1.0000000e+00
1.2080080e-06 9.9982083e-01
1.2127127e-06 9.9961052e-01
1.2174174e-06 9.9940021e-01
1.2221221e-06 9.9918989e-01
1.2268268e-06 9.9897958e-01
1.2315315e-06 9.9876927e-01
1.2362362e-06 9.9855895e-01
1.2409409e-06 9.9834864e-01
1.2456456e-06 9.9845422e-01
1.2503504e-06 9.9856382e-01
1.2550551e-06 9.9867342e-01
1.2597598e-06 9.9878302e-01
1.2644645e-06 9.9889262e-01
1.2691692e-06 9.9900222e-01
1.2738739e-06 9.9911182e-01
1.2785786e-06 9.9922142e-01
1.2832833e-06 9.9933102e-01
1.2879880e-06 9.9944062e-01
1.2926927e-06 9.9955022e-01
1.2973974e-06 9.9965982e-01
1.3021021e-06 9.9976942e-01
1.3068068e-06 9.9987902e-01
1.3115115e-06 9.9998862e-01
1.3162162e-06 9.9748882e-01
1.3209209e-06 9.9468670e-01
1.3256256e-06 9.9188458e-01
1.3303303e-06 9.8908246e-01
1.3350350e-06 9.8628033e-01
1.3397397e-06 9.8705261e-01
1.3444444e-06 9.9038847e-01
1.3491491e-06 9.9372433e-01
1.3538539e-06 9.9706018e-01
1.3585586e-06 1.0000000e+00
1.3632633e-06 1.0000000e+00
1.3679680e-06 1.0000000e+00
1.3726727e-06 1.0000000e+00
1.3773774e-06 1.0000000e+00
1.3820821e-06 1.0000000e+00
1.3867868e-06 1.0000000e+00
1.3914915e-06 9.9752303e-01
1.3961962e-06 9.9492848e-01
1.4009009e-06 9.9233393e-01
1.4056056e-06 9.8973938e-01
1.4103103e-06 9.8714483e-01
1.4150150e-06 9.8819243e-01
1.4197197e-06 9.9128118e-01
1.4244244e-06 9.9436993e-01
1.4291291e-06 9.9745868e-01
1.4338338e-06 9.9981886e-01
1.4385385e-06 9.9879679e-01
1.4432432e-06 9.9777473e-01
1.4479479e-06 9.9675267e-01
1.4526527e-06 9.9573061e-01
1.4573574e-06 9.9470855e-01
1.4620621e-06 9.9368649e-01
1.4667668e-06 9.9305088e-01
1.4714715e-06 9.9440000e-01
1.4761762e-06 9.9574912e-01
1.4808809e-06 9.9709824e-01
1.4855856e-06 9.9844736e-01
1.4902903e-06 9.9979648e-01
1.4949950e-06 1.0000000e+00
1.4996997e-06 1.0000000e+00
1.5044044e-06 1.0000000e+00
1.5091091e-06 1.0000000e+00
1.5138138e-06 1.0000000e+00
1.5185185e-06 1.0000000e+00
1.5232232e-06 1.0000000e+00
1.5279279e-06 1.0000000e+00
1.5326326e-06 1.0000000e+00
1.5373373e-06 1.0000000e+00
1.5420420e-06 1.0000000e+00
1.5467467e-06 1.0000000e+00
1.5514515e-06 1.0000000e+00
1.5561562e-06 1.0000000e+00
1.5608609e-06 1.0000000e+00
1.5655656e-06 1.0000000e+00
1.5702703e-06 1.0000000e+00
1.5749750e-06 1.0000000e+00
1.5796797e-06 1.0000000e+00
1.5843844e-06 1.0000000e+00
1.5890891e-06 1.0000000e+00
1.5937938e-06 1.0000000e+00
1.5984985e-06 1.0000000e+00
1.6032032e-06 1.0000000e+00
1.6079079e-06 1.0000000e+00
1.6126126e-06 1.0000000e+00
1.6173173e-06 1.0000000e+00
1.6220220e-06 9.9881932e-01
1.6267267e-06 9.9607219e-01
1.6314314e-06 9.9332505e-01
1.6361361e-06 9.9057792e-01
1.6408408e-06 9.8783079e-01
1.6455455e-06 9.8508366e-01
1.6502503e-06 9.8233652e-01
1.6549550e-06 9.8072151e-01
1.6596597e-06 9.8355189e-01
1.6643644e-06 9.8638226e-01
1.6690691e-06 9.8921264e-01
1.6737738e-06 9.9204302e-01
1.6784785e-06 9.9487340e-01
1.6831832e-06 9.9770378e-01
1.6878879e-06 1.0000000e+00
1.6925926e-06 1.0000000e+00
1.6972973e-06 1.0000000e+00
1.7020020e-06 1.0000000e+00
1.7067067e-06 1.0000000e+00
1.7114114e-06 1.0000000e+00
1.7161161e-06 1.0000000e+00
1.7208208e-06 9.9967667e-01
1.7255255e-06 9.9782347e-01
1.7302302e-06 9.9597026e-01
1.7349349e-06 9.9411706e-01
1.7396396e-06 9.9226385e-01
1.7443443e-06 9.9224443e-01
1.7490490e-06 9.9297093e-01
1.7537538e-06 9.9369743e-01
1.7584585e-06 9.9442394e-01
1.7631632e-06 9.9515044e-01
1.7678679e-06 9.9587694e-01
1.7725726e-06 9.9660344e-01
1.7772773e-06 9.9732994e-01
1.7819820e-06 9.9805644e-01
1.7866867e-06 9.9878294e-01
1.7913914e-06 9.9944958e-01
1.7960961e-06 9.9945649e-01
1.8008008e-06 9.9946340e-01
1.8055055e-06 9.9947031e-01
1.8102102e-06 9.9947723e-01
1.8149149e-06 9.9948414e-01
1.8196196e-06 9.9949105e-01
1.8243243e-06 9.9949796e-01
1.8290290e-06 9.9950488e-01
1.8337337e-06 9.9951179e-01
1.8384384e-06 9.9951870e-01
1.8431431e-06 9.9952562e-01
1.8478478e-06 9.9953253e-01
1.8525526e-06 9.9953944e-01
1.8572573e-06 9.9954635e-01
1.8619620e-06 9.9955327e-01
1.8666667e-06 9.9956018e-01
1.8713714e-06 9.9956709e-01
1.8760761e-06 9.9957401e-01
1.8807808e-06 9.9958092e-01
1.8854855e-06 9.9958783e-01
1.8901902e-06 9.9959474e-01
1.8948949e-06 9.9960166e-01
1.8995996e-06 9.9960857e-01
1.9043043e-06 9.9961548e-01
1.9090090e-06 9.9962239e-01
1.9137137e-06 9.9962931e-01
1.9184184e-06 9.9963622e-01
1.9231231e-06 9.9964313e-01
1.9278278e-06 9.9965005e-01
1.9325325e-06 9.9965696e-01
1.9372372e-06 9.9966387e-01
1.9419419e-06 9.9967078e-01
1.9466466e-06 9.9967770e-01
1.9513514e-06 9.9968461e-01
1.9560561e-06 9.9969152e-01
1.9607608e-06 9.9969844e-01
1.9654655e-06 9.9970535e-01
1.9701702e-06 9.9971226e-01
1.9748749e-06 9.9971917e-01
1.9795796e-06 9.9972609e-01
1.9842843e-06 9.9973300e-01
1.9889890e-06 9.9973991e-01
1.9936937e-06 9.9974682e-01
1.9983984e-06 9.9975374e-01
2.0031031e-06 9.9976065e-01
2.0078078e-06 9.9976756e-01
2.0125125e-06 9.9977448e-01
2.0172172e-06 9.9978139e-01
2.0219219e-06 9.9978830e-01
2.0266266e-06 9.9979521e-01
2.0313313e-06 9.9980213e-01
2.0360360e-06 9.9980904e-01
2.0407407e-06 9.9981595e-01
2.0454454e-06 9.9982287e-01
2.0501502e-06 9.9982978e-01
2.0548549e-06 9.9983669e-01
2.0595596e-06 9.9984360e-01
2.0642643e-06 9.9985052e-01
2.0689690e-06 9.9985743e-01
2.0736737e-06 9.9986434e-01
2.0783784e-06 9.9987125e-01
2.0830831e-06 9.9987817e-01
2.0877878e-06 9.9988508e-01
2.0924925e-06 9.9989199e-01
2.0971972e-06 9.9989891e-01
2.1019019e-06 9.9990582e-01
2.1066066e-06 9.9991273e-01
2.1113113e-06 9.9991964e-01
2.1160160e-06 9.9992656e-01
2.1207207e-06 9.9993347e-01
2.1254254e-06 9.9994038e-01
2.1301301e-06 9.9994730e-01
2.1348348e-06 9.9995421e-01
2.1395395e-06 9.9996112e-01
2.1442442e-06 9.9996803e-01
2.1489489e-06 9.9997495e-01
2.1536537e-06 9.9998186e-01
2.1583584e-06 9.9998877e-01
2.1630631e-06 9.9999568e-01
2.1677678e-06 9.9997254e-01
2.1724725e-06 9.9989945e-01
2.1771772e-06 9.9982636e-01
2.1818819e-06 9.9975327e-01
2.1865866e-06 9.9968018e-01
2.1912913e-06 9.9960709e-01
2.1959960e-06 9.9953401e-01
2.2007007e-06 9.9946092e-01
2.2054054e-06 9.9938783e-01
2.2101101e-06 9.9931474e-01
2.2148148e-06 9.9924165e-01
2.2195195e-06 9.9916856e-01
2.2242242e-06 9.9909547e-01
2.2289289e-06 9.9902239e-01
2.2336336e-06 9.9894930e-01
2.2383383e-06 9.9868336e-01
2.2430430e-06 9.9793234e-01
2.2477477e-06 9.9718132e-01
2.2524525e-06 9.9643030e-01
2.2571572e-06 9.9567928e-01
2.2618619e-06 9.9492826e-01
2.2665666e-06 9.9417724e-01
2.2712713e-06 9.9342622e-01
2.2759760e-06 9.9182877e-01
2.2806807e-06 9.8699753e-01
2.2853854e-06 9.8216628e-01
2.2900901e-06 9.7733504e-01
2.2947948e-06 9.7250379e-01
2.2994995e-06 9.6767255e-01
2.3042042e-06 9.6240661e-01
2.3089089e-06 9.4756045e-01
2.3136136e-06 9.2714057e-01
2.3183183e-06 9.0661065e-01
2.3230230e-06 8.7437767e-01
2.3277277e-06 8.4016166e-01
2.3324324e-06 8.0594565e-01
2.3371371e-06 7.7091928e-01
2.3418418e-06 7.0890265e-01
2.3465465e-06 6.4688601e-01
2.3512513e-06 5.9926381e-01
2.3559560e-06 5.6732890e-01
2.3606607e-06 5.3539399e-01
2.3653654e-06 5.0996866e-01
2.3700701e-06 5.0046411e-01
2.3747748e-06 4.9573391e-01
2.3794795e-06 4.9888557e-01
2.3841842e-06 5.0203723e-01
2.3888889e-06 5.0518888e-01
2.3935936e-06 5.0665207e-01
2.3982983e-06 5.0481891e-01
2.4030030e-06 5.0298576e-01
2.4077077e-06 4.9733309e-01
2.4124124e-06 4.8497722e-01
2.4171171e-06 4.7262136e-01
2.4218218e-06 4.6026550e-01
2.4265265e-06 4.3875421e-01
2.4312312e-06 4.0934980e-01
2.4359359e-06 3.7994540e-01
2.4406406e-06 3.4646420e-01
2.4453453e-06 2.8712082e-01
2.4500501e-06 2.2777744e-01
2.4547548e-06 1.6843406e-01
2.4594595e-06 1.2589013e-01
2.4641642e-06 8.9393224e-02
2.4688689e-06 5.2896321e-02
2.4735736e-06 3.3442351e-02
2.4782783e-06 2.8101335e-02
2.4829830e-06 2.2760319e-02
2.4876877e-06 1.8479418e-02
2.4923924e-06 2.0391014e-02
2.4970971e-06 2.2302610e-02
2.5018018e-06 2.4214206e-02
2.5065065e-06 2.6125802e-02
2.5112112e-06 2.8037397e-02
2.5159159e-06 2.9948993e-02
2.5206206e-06 3.1860589e-02
2.5253253e-06 3.3560259e-02
2.5300300e-06 3.2407084e-02
2.5347347e-06 3.1253908e-02
2.5394394e-06 3.0100733e-02
2.5441441e-06 2.8947558e-02
2.5488488e-06 2.7794382e-02
2.5535536e-06 2.6641207e-02
2.5582583e-06 2.5488031e-02
2.5629630e-06 2.4334856e-02
2.5676677e-06 2.3181681e-02
2.5723724e-06 2.2374661e-02
2.5770771e-06 2.1907954e-02
2.5817818e-06 2.1441247e-02
2.5864865e-06 2.0974541e-02
2.5911912e-06 2.0507834e-02
2.5958959e-06 2.0041127e-02
2.6006006e-06 1.9574420e-02
2.6053053e-06 1.9107714e-02
2.6100100e-06 1.8641007e-02
2.6147147e-06 1.8174300e-02
2.6194194e-06 1.7707594e-02
2.6241241e-06 1.6999959e-02
2.6288288e-06 1.6258408e-02
2.6335335e-06 1.5516857e-02
2.6382382e-06 1.4775306e-02
2.6429429e-06 1.4033755e-02
2.6476476e-06 1.3292204e-02
2.6523524e-06 1.2550653e-02
2.6570571e-06 1.1809102e-02
2.6617618e-06 1.1067551e-02
2.6664665e-06 1.0326000e-02
2.6711712e-06 9.5844487e-03
2.6758759e-06 8.8428977e-03
2.6805806e-06 8.1013466e-03
2.6852853e-06 7.3597955e-03
2.6899900e-06 6.6182444e-03
2.6946947e-06 5.8766934e-03
2.6993994e-06 5.1351423e-03
2.7041041e-06 4.4249285e-03
2.7088088e-06 5.0995832e-03
2.7135135e-06 5.7742378e-03
2.7182182e-06 6.4488925e-03
2.7229229e-06 7.1235471e-03
2.7276276e-06 7.7982018e-03
2.7323323e-06 8.4728565e-03
2.7370370e-06 9.1475111e-03
2.7417417e-06 9.8221658e-03
2.7464464e-06 1.0496820e-02
2.7511512e-06 1.1171475e-02
2.7558559e-06 1.1846130e-02
2.7605606e-06 1.2520784e-02
2.7652653e-06 1.3195439e-02
2.7699700e-06 1.3870094e-02
2.7746747e-06 1.4544748e-02
2.7793794e-06 1.5219403e-02
2.7840841e-06 1.5894058e-02
2.7887888e-06 1.6568712e-02
2.7934935e-06 1.7243367e-02
2.7981982e-06 1.7918022e-02
2.8029029e-06 1.8592676e-02
2.8076076e-06 1.8346111e-02
2.8123123e-06 1.7819396e-02
2.8170170e-06 1.7292681e-02
2.8217217e-06 1.6765967e-02
2.8264264e-06 1.6239252e-02
2.8311311e-06 1.5712537e-02
2.8358358e-06 1.5185823e-02
2.8405405e-06 1.4659108e-02
2.8452452e-06 1.4132393e-02
2.8499499e-06 1.3605679e-02
2.8546547e-06 1.3078964e-02
2.8593594e-06 1.2552249e-02
2.8640641e-06 1.2025534e-02
2.8687688e-06 1.1498820e-02
2.8734735e-06 1.0972105e-02
2.8781782e-06 1.0445390e-02
2.8828829e-06 9.9186757e-03
2.8875876e-06 9.3919611e-03
2.8922923e-06 8.8652464e-03
2.8969970e-06 8.3385317e-03
2.9017017e-06 7.8118170e-03
2.9064064e-06 7.2851023e-03
2.9111111e-06 6.7583876e-03
2.9158158e-06 6.2316730e-03
2.9205205e-06 5.7049583e-03
2.9252252e-06 5.1782436e-03
2.9299299e-06 4.6515289e-03
2.9346346e-06 4.1248142e-03
2.9393393e-06 4.0830287e-03
2.9440440e-06 4.5315675e-03
2.9487487e-06 4.9801063e-03
2.9534535e-06 5.4286450e-03
2.9581582e-06 5.8771838e-03
2.9628629e-06 6.3257226e-03
2.9675676e-06 6.7742613e-03
2.9722723e-06 7.2228001e-03
2.9769770e-06 7.6713389e-03
2.9816817e-06 8.1198776e-03
2.9863864e-06 8.5684164e-03
2.9910911e-06 9.0169552e-03
2.9957958e-06 9.4654939e-03
3.0005005e-06 9.9140327e-03
3.0052052e-06 1.0362571e-02
3.0099099e-06 1.0811110e-02
3.0146146e-06 1.1259649e-02
3.0193193e-06 1.1708188e-02
3.0240240e-06 1.2156727e-02
3.0287287e-06 1.2605265e-02
3.0334334e-06 1.3053804e-02
3.0381381e-06 1.3502343e-02
3.0428428e-06 1.3950882e-02
3.0475475e-06 1.4399420e-02
3.0522523e-06 1.4847959e-02
3.0569570e-06 1.5296498e-02
3.0616617e-06 1.5745037e-02
3.0663664e-06 1.6193575e-02
3.0710711e-06 1.6461312e-02
3.0757758e-06 1.6115673e-02
3.0804805e-06 1.5770034e-02
3.0851852e-06 1.5424395e-02
3.0898899e-06 1.5078756e-02
3.0945946e-06 1.4733117e-02
3.0992993e-06 1.4387478e-02
3.1040040e-06 1.4041839e-02
3.1087087e-06 1.3696200e-02
3.1134134e-06 1.3350561e-02
3.1181181e-06 1.3004922e-02
3.1228228e-06 1.2659283e-02
3.1275275e-06 1.2313644e-02
3.1322322e-06 1.1968005e-02
3.1369369e-06 1.1622366e-02
3.1416416e-06 1.1276727e-02
3.1463463e-06 1.0931088e-02
3.1510511e-06 1.0585449e-02
3.1557558e-06 1.0239810e-02
3.1604605e-06 9.8941715e-03
3.1651652e-06 9.5485325e-03
3.1698699e-06 9.2028936e-03
3.1745746e-06 8.8572546e-03
3.1792793e-06 8.5116156e-03
3.1839840e-06 8.1659766e-03
3.1886887e-06 7.8203377e-03
3.1933934e-06 7.4746987e-03
3.1980981e-06 7.1290597e-03
3.2028028e-06 6.7834208e-03
3.2075075e-06 6.4377818e-03
3.2122122e-06 6.0921428e-03
3.2169169e-06 5.7465038e-03
3.2216216e-06 5.5966332e-03
3.2263263e-06 5.8189641e-03
3.2310310e-06 6.0412950e-03
3.2357357e-06 6.2636259e-03
3.2404404e-06 6.4859568e-03
3.2451451e-06 6.7082877e-03
3.2498498e-06 6.9306186e-03
3.2545546e-06 7.1529495e-03
3.2592593e-06 7.3752804e-03
3.2639640e-06 7.5976113e-03
3.2686687e-06 7.8199422e-03
3.2733734e-06 8.0422731e-03
3.2780781e-06 8.2646040e-03
3.2827828e-06 8.4869349e-03
3.2874875e-06 8.7092658e-03
3.2921922e-06 8.9315967e-03
3.2968969e-06 9.1539276e-03
3.3016016e-06 9.3762585e-03
3.3063063e-06 9.5985894e-03
3.3110110e-06 9.8209203e-03
3.3157157e-06 1.0043251e-02
3.3204204e-06 1.0265582e-02
3.3251251e-06 1.0487913e-02
3.3298298e-06 1.0710244e-02
3.3345345e-06 1.0932575e-02
3.3392392e-06 1.1154906e-02
3.3439439e-06 1.1377237e-02
3.3486486e-06 1.1599568e-02
3.3533534e-06 1.1821898e-02
3.3580581e-06 1.2044229e-02
3.3627628e-06 1.2266560e-02
3.3674675e-06 1.2488891e-02
3.3721722e-06 1.2711222e-02
3.3768769e-06 1.2933553e-02
3.3815816e-06 1.3155884e-02
3.3862863e-06 1.3378215e-02
3.3909910e-06 1.3600546e-02
3.3956957e-06 1.3756301e-02
3.4004004e-06 1.3528410e-02
3.4051051e-06 1.3300519e-02
3.4098098e-06 1.3072627e-02
3.4145145e-06 1.2844736e-02
3.4192192e-06 1.2616845e-02
3.4239239e-06 1.2388953e-02
3.4286286e-06 1.2161062e-02
3.4333333e-06 1.1933171e-02
3.4380380e-06 1.1705279e-02
3.4427427e-06 1.1477388e-02
3.4474474e-06 1.1249497e-02
3.4521522e-06 1.1021606e-02
3.4568569e-06 1.0793714e-02
3.4615616e-06 1.0565823e-02
3.4662663e-06 1.0337932e-02
3.4709710e-06 1.0110040e-02
3.4756757e-06 9.8821490e-03
3.4803804e-06 9.6542577e-03
3.4850851e-06 9.4263664e-03
3.4897898e-06 9.1984751e-03
3.4944945e-06 8.9705838e-03
3.4991992e-06 8.7426924e-03
3.5039039e-06 8.5148011e-03
3.5086086e-06 8.2869098e-03
3.5133133e-06 8.0590185e-03
3.5180180e-06 7.8311272e-03
3.5227227e-06 7.6032359e-03
3.5274274e-06 7.3753446e-03
3.5321321e-06 7.1474533e-03
3.5368368e-06 6.9195620e-03
3.5415415e-06 6.6916707e-03
3.5462462e-06 6.4637794e-03
3.5509510e-06 6.2358881e-03
3.5556557e-06 6.0079968e-03
3.5603604e-06 5.7801055e-03
3.5650651e-06 5.5522142e-03
3.5697698e-06 5.3243229e-03
3.5744745e-06 5.0964316e-03
3.5791792e-06 4.8685402e-03
3.5838839e-06 4.6406489e-03
3.5885886e-06 4.4127576e-03
3.5932933e-06 4.1848663e-03
3.5979980e-06 3.9569750e-03
3.6027027e-06 3.9615971e-03
3.6074074e-06 4.1384512e-03
3.6121121e-06 4.3153053e-03
3.6168168e-06 4.4921594e-03
3.6215215e-06 4.6690136e-03
3.6262262e-06 4.8458677e-03
3.6309309e-06 5.0227218e-03
3.6356356e-06 5.1995759e-03
3.6403403e-06 5.3764301e-03
3.6450450e-06 5.5532842e-03
3.6497497e-06 5.7301383e-03
3.6544545e-06 5.9069924e-03
3.6591592e-06 6.0838466e-03
3.6638639e-06 6.2607007e-03
3.6685686e-06 6.4375548e-03
3.6732733e-06 6.6144090e-03
3.6779780e-06 6.7912631e-03
3.6826827e-06 6.9681172e-03
3.6873874e-06 7.1449713e-03
3.6920921e-06 7.3218255e-03
3.6967968e-06 7.4986796e-03
3.7015015e-06 7.6755337e-03
3.7062062e-06 7.8523878e-03
3.7109109e-06 8.0292420e-03
3.7156156e-06 8.2060961e-03
3.7203203e-06 8.3829502e-03
3.7250250e-06 8.5598043e-03
3.7297297e-06 8.7366585e-03
3.7344344e-06 8.9135126e-03
3.7391391e-06 9.0903667e-03
3.7438438e-06 9.2672209e-03
3.7485485e-06 9.4440750e-03
3.7532533e-06 9.6209291e-03
3.7579580e-06 9.7977832e-03
3.7626627e-06 9.9746374e-03
3.7673674e-06 1.0151491e-02
3.7720721e-06 1.0328346e-02
3.7767768e-06 1.0505200e-02
3.7814815e-06 1.0682054e-02
3.7861862e-06 1.0858908e-02
3.7908909e-06 1.1035762e-02
3.7955956e-06 1.1212616e-02
3.8003003e-06 1.1389470e-02
3.8050050e-06 1.1566325e-02
3.8097097e-06 1.1743179e-02
3.8144144e-06 1.1920033e-02
3.8191191e-06 1.2096887e-02
3.8238238e-06 1.2041002e-02
3.8285285e-06 1.1931502e-02
3.8332332e-06 1.1822001e-02
3.8379379e-06 1.1712501e-02
3.8426426e-06 1.1603000e-02
3.8473473e-06 1.1493500e-02
3.8520521e-06 1.1384000e-02
3.8567568e-06 1.1274499e-02
3.8614615e-06 1.1164999e-02
3.8661662e-06 1.1055499e-02
3.8708709e-06 1.0945998e-02
3.8755756e-06 1.0836498e-02
3.8802803e-06 1.0726998e-02
3.8849850e-06 1.0617497e-02
3.8896897e-06 1.0507997e-02
3.8943944e-06 1.0398497e-02
3.8990991e-06 1.0288996e-02
3.9038038e-06 1.0179496e-02
3.9085085e-06 1.0069996e-02
3.9132132e-06 9.9604953e-03
3.9179179e-06 9.8509949e-03
3.9226226e-06 9.7414946e-03
3.9273273e-06 9.6319942e-03
3.9320320e-06 9.5224939e-03
3.9367367e-06 9.4129936e-03
3.9414414e-06 9.3034932e-03
3.9461461e-06 9.1939929e-03
3.9508509e-06 9.0844925e-03
3.9555556e-06 8.9749922e-03
3.9602603e-06 8.8654918e-03
3.9649650e-06 8.7559915e-03
3.9696697e-06 8.6464911e-03
3.9743744e-06 8.5369908e-03
3.9790791e-06 8.4274904e-03
3.9837838e-06 8.3179901e-03
3.9884885e-06 8.2084898e-03
3.9931932e-06 8.0989894e-03
3.9978979e-06 7.9894891e-03
4.0026026e-06 7.8799887e-03
4.0073073e-06 7.7704884e-03
4.0120120e-06 7.6609880e-03
4.0167167e-06 7.5514877e-03
4.0214214e-06 7.4419873e-03
4.0261261e-06 7.3324870e-03
4.0308308e-06 7.2229866e-03
4.0355355e-06 7.1134863e-03
4.0402402e-06 7.0039860e-03
4.0449449e-06 6.8944856e-03
4.0496496e-06 6.7849853e-03
4.0543544e-06 6.6754849e-03
4.0590591e-06 6.5659846e-03
4.0637638e-06 6.4564842e-03
4.0684685e-06 6.3469839e-03
4.0731732e-06 6.2374835e-03
4.0778779e-06 6.1279832e-03
4.0825826e-06 6.0184828e-03
4.0872873e-06 5.9089825e-03
4.0919920e-06 5.7994822e-03
4.0966967e-06 5.6899818e-03
4.1014014e-06 5.5804815e-03
4.1061061e-06 5.6460053e-03
4.1108108e-06 5.9274811e-03
4.1155155e-06 6.2089568e-03
4.1202202e-06 6.4904326e-03
4.1249249e-06 6.7719084e-03
4.1296296e-06 7.0533841e-03
4.1343343e-06 7.3348599e-03
4.1390390e-06 7.6163356e-03
4.1437437e-06 7.8978114e-03
4.1484484e-06 8.1792872e-03
4.1531532e-06 8.4607629e-03
4.1578579e-06 8.7422387e-03
4.1625626e-06 9.0237145e-03
4.1672673e-06 9.3051902e-03
4.1719720e-06 9.5866660e-03
4.1766767e-06 9.8681417e-03
4.1813814e-06 1.0149618e-02
4.1860861e-06 1.0431093e-02
4.1907908e-06 1.0712569e-02
4.1954955e-06 1.0994045e-02
4.2002002e-06 1.1275521e-02
4.2049049e-06 1.1556996e-02
4.2096096e-06 1.1838472e-02
4.2143143e-06 1.2119948e-02
4.2190190e-06 1.2401424e-02
4.2237237e-06 1.2682899e-02
4.2284284e-06 1.2964375e-02
4.2331331e-06 1.3245851e-02
4.2378378e-06 1.3527327e-02
4.2425425e-06 1.3808802e-02
4.2472472e-06 1.4090278e-02
4.2519520e-06 1.4371754e-02
4.2566567e-06 1.4653230e-02
4.2613614e-06 1.4934705e-02
4.2660661e-06 1.5216181e-02
4.2707708e-06 1.5497657e-02
4.2754755e-06 1.5779133e-02
4.2801802e-06 1.6326690e-02
4.2848849e-06 1.7668883e-02
4.2895896e-06 1.9011076e-02
4.2942943e-06 2.0353269e-02
4.2989990e-06 2.1695462e-02
4.3037037e-06 2.3037654e-02
4.3084084e-06 2.4379847e-02
4.3131131e-06 2.5722040e-02
4.3178178e-06 2.7064233e-02
4.3225225e-06 2.8406425e-02
4.3272272e-06 2.9748618e-02
4.3319319e-06 3.1090811e-02
4.3366366e-06 3.2433004e-02
4.3413413e-06 3.3775196e-02
4.3460460e-06 3.5117389e-02
4.3507508e-06 3.6459582e-02
4.3554555e-06 3.7801775e-02
4.3601602e-06 3.9143968e-02
4.3648649e-06 4.0486160e-02
4.3695696e-06 4.2749289e-02
4.3742743e-06 4.5305277e-02
4.3789790e-06 4.7861266e-02
4.3836837e-06 5.0417255e-02
4.3883884e-06 5.2973244e-02
4.3930931e-06 5.5529233e-02
4.3977978e-06 5.8085221e-02
4.4025025e-06 6.0641210e-02
4.4072072e-06 6.3197199e-02
4.4119119e-06 6.5753188e-02
4.4166166e-06 6.8309177e-02
4.4213213e-06 7.0865166e-02
4.4260260e-06 7.3421154e-02
4.4307307e-06 7.5977143e-02
4.4354354e-06 7.9479757e-02
4.4401401e-06 8.3864409e-02
4.4448448e-06 8.8249062e-02
4.4495495e-06 9.2633714e-02
4.4542543e-06 9.7018366e-02
4.4589590e-06 1.0140302e-01
4.4636637e-06 1.0578767e-01
4.4683684e-06 1.1017232e-01
4.4730731e-06 1.1455698e-01
4.4777778e-06 1.1894163e-01
4.4824825e-06 1.2332628e-01
4.4871872e-06 1.2771093e-01
4.4918919e-06 1.3209558e-01
4.4965966e-06 1.3648024e-01
4.5013013e-06 1.4086489e-01
4.5060060e-06 1.4607420e-01
4.5107107e-06 1.5239292e-01
4.5154154e-06 1.5871164e-01
4.5201201e-06 1.6503036e-01
4.5248248e-06 1.7134908e-01
4.5295295e-06 1.7766781e-01
4.5342342e-06 1.8398653e-01
4.5389389e-06 1.9030525e-01
4.5436436e-06 1.9662397e-01
4.5483483e-06 2.0294269e-01
4.5530531e-06 2.0926141e-01
4.5577578e-06 2.1558014e-01
4.5624625e-06 2.2189886e-01
4.5671672e-06 2.2836223e-01
4.5718719e-06 2.3526404e-01
4.5765766e-06 2.4216584e-01
4.5812813e-06 2.4906764e-01
4.5859860e-06 2.5596944e-01
4.5906907e-06 2.6287124e-01
4.5953954e-06 2.6977305e-01
4.6001001e-06 2.7667485e-01
4.6048048e-06 2.8357665e-01
4.6095095e-06 2.9047845e-01
4.6142142e-06 2.9738025e-01
4.6189189e-06 2.8957529e-01
4.6236236e-06 2.7277277e-01
4.6283283e-06 2.5597026e-01
4.6330330e-06 2.3916774e-01
4.6377377e-06 2.2236522e-01
4.6424424e-06 2.0556271e-01
4.6471471e-06 1.8876019e-01
4.6518519e-06 1.7195767e-01
4.6565566e-06 1.5515516e-01
4.6612613e-06 1.3835264e-01
4.6659660e-06 1.2155012e-01
4.6706707e-06 1.0474760e-01
4.6753754e-06 8.7945088e-02
4.6800801e-06 7.1142571e-02
4.6847848e-06 5.4340054e-02
4.6894895e-06 3.7537538e-02
4.6941942e-06 2.0735021e-02
4.6988989e-06 3.9325039e-03
4.7036036e-06 0.0000000e+00
4.7083083e-06 0.0000000e+00
4.7130130e-06 0.0000000e+00
4.7177177e-06 0.0000000e+00
4.7224224e-06 0.0000000e+00
4.7271271e-06 0.0000000e+00
4.7318318e-06 0.0000000e+00
4.7365365e-06 0.0000000e+00
4.7412412e-06 0.0000000e+00
4.7459459e-06 0.0000000e+00
4.7506507e-06 0.0000000e+00
4.7553554e-06 0.0000000e+00
4.7600601e-06 0.0000000e+00
4.7647648e-06 0.0000000e+00
4.7694695e-06 0.0000000e+00
4.7741742e-06 0.0000000e+00
4.7788789e-06 0.0000000e+00
4.7835836e-06 0.0000000e+00
4.7882883e-06 0.0000000e+00
4.7929930e-06 0.0000000e+00
4.7976977e-06 0.0000000e+00
4.8024024e-06 0.0000000e+00
4.8071071e-06 0.0000000e+00
4.8118118e-06 0.0000000e+00
4.8165165e-06 0.0000000e+00
4.8212212e-06 0.0000000e+00
4.8259259e-06 0.0000000e+00
4.8306306e-06 0.0000000e+00
4.8353353e-06 0.0000000e+00
4.8400400e-06 0.0000000e+00
4.8447447e-06 0.0000000e+00
4.8494494e-06 0.0000000e+00
4.8541542e-06 0.0000000e+00
4.8588589e-06 0.0000000e+00
4.8635636e-06 0.0000000e+00
4.8682683e-06 0.0000000e+00
4.8729730e-06 0.0000000e+00
4.8776777e-06 0.0000000e+00
4.8823824e-06 0.0000000e+00
4.8870871e-06 0.0000000e+00
4.8917918e-06 0.0000000e+00
4.8964965e-06 0.0000000e+00
4.9012012e-06 0.0000000e+00
4.9059059e-06 0.0000000e+00
4.9106106e-06 0.0000000e+00
4.9153153e-06 0.0000000e+00
4.9200200e-06 0.0000000e+00
4.9247247e-06 0.0000000e+00
4.9294294e-06 0.0000000e+00
4.9341341e-06 0.0000000e+00
4.9388388e-06 0.0000000e+00
4.9435435e-06 0.0000000e+00
4.9482482e-06 0.0000000e+00
4.9529530e-06 0.0000000e+00
4.9576577e-06 0.0000000e+00
4.9623624e-06 0.0000000e+00
4.9670671e-06 0.0000000e+00
4.9717718e-06 0.0000000e+00
4.9764765e-06 0.0000000e+00
4.9811812e-06 0.0000000e+00
4.9858859e-06 0.0000000e+00
4.9905906e-06 0.0000000e+00
4.9952953e-06 0.0000000e+00
5.0000000e-06 0.0000000e+00
