Title:
Authors:
Table:
================================================================================
Byte-by-byte Description of file: table.dat
--------------------------------------------------------------------------------
 Bytes Format Units  Label     Explanations
--------------------------------------------------------------------------------
 1-13  E13.8  m      wavelength [0.0/0.01] Description of wavelength  
15-27  E13.8  ---    efficiency [0.02/36.28] Description of efficiency
--------------------------------------------------------------------------------
Notes:
--------------------------------------------------------------------------------
3.0000000e-07 2.3897000e-02
3.0470470e-07 2.9951014e-02
3.0940941e-07 3.6005028e-02
3.1411411e-07 2.4475627e-02
3.1881882e-07 2.2902352e-02
3.2352352e-07 1.6517038e-01
3.2822823e-07 1.7383732e-01
3.3293293e-07 1.1671309e-01
3.3763764e-07 9.4032156e-02
3.4234234e-07 2.0802442e-01
3.4704705e-07 4.5130268e-01
3.5175175e-07 7.5286118e-01
3.5645646e-07 6.7873251e-01
3.6116116e-07 6.8230419e-01
3.6586587e-07 7.4255012e-01
3.7057057e-07 7.1504345e-01
3.7527528e-07 4.5276368e-01
3.7997998e-07 1.3588179e-01
3.8468468e-07 4.5114623e-01
3.8938939e-07 8.7641605e-01
3.9409409e-07 9.9639013e-01
3.9879880e-07 9.9649068e-01
4.0350350e-07 9.9659123e-01
4.0820821e-07 9.9669178e-01
4.1291291e-07 9.9679232e-01
4.1761762e-07 9.9689287e-01
4.2232232e-07 9.9699342e-01
4.2702703e-07 9.9709397e-01
4.3173173e-07 9.9719452e-01
4.3643644e-07 9.9729507e-01
4.4114114e-07 9.9739562e-01
4.4584585e-07 9.9749617e-01
4.5055055e-07 9.9759672e-01
4.5525526e-07 9.9769727e-01
4.5995996e-07 9.9779782e-01
4.6466466e-07 9.9789837e-01
4.6936937e-07 9.9799892e-01
4.7407407e-07 9.9809947e-01
4.7877878e-07 9.9816200e-01
4.8348348e-07 9.9816200e-01
4.8818819e-07 9.9816200e-01
4.9289289e-07 9.9816200e-01
4.9759760e-07 9.9816200e-01
5.0230230e-07 9.9816200e-01
5.0700701e-07 9.9816200e-01
5.1171171e-07 9.9816200e-01
5.1641642e-07 9.9511743e-01
5.2112112e-07 9.9283433e-01
5.2582583e-07 9.9362044e-01
5.3053053e-07 9.9440656e-01
5.3523524e-07 9.9915646e-01
5.3993994e-07 1.0000000e+00
5.4464464e-07 1.0000000e+00
5.4934935e-07 1.0000000e+00
5.5405405e-07 1.0000000e+00
5.5875876e-07 1.0000000e+00
5.6346346e-07 1.0000000e+00
5.6816817e-07 9.9742325e-01
5.7287287e-07 9.9057549e-01
5.7757758e-07 9.9922352e-01
5.8228228e-07 1.0000000e+00
5.8698699e-07 1.0000000e+00
5.9169169e-07 1.0000000e+00
5.9639640e-07 1.0000000e+00
6.0110110e-07 1.0000000e+00
6.0580581e-07 1.0000000e+00
6.1051051e-07 1.0000000e+00
6.1521522e-07 1.0000000e+00
6.1991992e-07 1.0000000e+00
6.2462462e-07 1.0000000e+00
6.2932933e-07 1.0000000e+00
6.3403403e-07 1.0000000e+00
6.3873874e-07 1.0000000e+00
6.4344344e-07 1.0000000e+00
6.4814815e-07 1.0000000e+00
6.5285285e-07 9.9468836e-01
6.5755756e-07 9.8911740e-01
6.6226226e-07 9.9035272e-01
6.6696697e-07 9.9626288e-01
6.7167167e-07 9.9992206e-01
6.7637638e-07 9.9978480e-01
6.8108108e-07 9.9964754e-01
6.8578579e-07 9.9951028e-01
6.9049049e-07 9.9937302e-01
6.9519520e-07 9.9923577e-01
6.9989990e-07 9.9909851e-01
7.0460460e-07 9.9896125e-01
7.0930931e-07 9.9882399e-01
7.1401401e-07 9.9868673e-01
7.1871872e-07 9.9854948e-01
7.2342342e-07 9.9841222e-01
7.2812813e-07 9.9827496e-01
7.3283283e-07 9.9693724e-01
7.3753754e-07 9.9090780e-01
7.4224224e-07 9.9177252e-01
7.4694695e-07 9.9263725e-01
7.5165165e-07 9.9692245e-01
7.5635636e-07 9.9993768e-01
7.6106106e-07 9.9972149e-01
7.6576577e-07 9.9950531e-01
7.7047047e-07 9.9928913e-01
7.7517518e-07 9.9907295e-01
7.7987988e-07 9.9885677e-01
7.8458458e-07 9.9864059e-01
7.8928929e-07 9.9842441e-01
7.9399399e-07 9.9820823e-01
7.9869870e-07 9.9524795e-01
8.0340340e-07 9.9264700e-01
8.0810811e-07 9.9264700e-01
8.1281281e-07 9.9965590e-01
8.1751752e-07 1.0000000e+00
8.2222222e-07 1.0000000e+00
8.2692693e-07 1.0000000e+00
8.3163163e-07 1.0000000e+00
8.3633634e-07 1.0000000e+00
8.4104104e-07 1.0000000e+00
8.4574575e-07 1.0000000e+00
8.5045045e-07 1.0000000e+00
8.5515516e-07 1.0000000e+00
8.5985986e-07 1.0000000e+00
8.6456456e-07 9.9256718e-01
8.6926927e-07 9.9190201e-01
8.7397397e-07 9.9123683e-01
8.7867868e-07 9.9338046e-01
8.8338338e-07 1.0000000e+00
8.8808809e-07 1.0000000e+00
8.9279279e-07 1.0000000e+00
8.9749750e-07 1.0000000e+00
9.0220220e-07 9.9905284e-01
9.0690691e-07 9.9534620e-01
9.1161161e-07 9.9295312e-01
9.1631632e-07 9.9095760e-01
9.2102102e-07 9.8901737e-01
9.2572573e-07 9.9939501e-01
9.3043043e-07 9.9925972e-01
9.3513514e-07 9.9847360e-01
9.3983984e-07 9.9803151e-01
9.4454454e-07 9.9781533e-01
9.4924925e-07 9.9759915e-01
9.5395395e-07 9.9738297e-01
9.5865866e-07 9.9716678e-01
9.6336336e-07 9.9695060e-01
9.6806807e-07 9.9673442e-01
9.7277277e-07 9.9651824e-01
9.7747748e-07 9.9621867e-01
9.8218218e-07 9.9518081e-01
9.8688689e-07 9.9414295e-01
9.9159159e-07 9.9310509e-01
9.9629630e-07 9.9206724e-01
1.0010010e-06 9.9102938e-01
1.0057057e-06 9.8740284e-01
1.0104104e-06 9.8307843e-01
1.0151151e-06 9.7670426e-01
1.0198198e-06 9.6373182e-01
1.0245245e-06 9.6415951e-01
1.0292292e-06 9.6423122e-01
1.0339339e-06 9.4693404e-01
1.0386386e-06 9.2617270e-01
1.0433433e-06 8.9825834e-01
1.0480480e-06 6.8466520e-01
1.0527528e-06 5.8706207e-01
1.0574575e-06 5.7567652e-01
1.0621622e-06 6.3730425e-01
1.0668669e-06 6.7674925e-01
1.0715716e-06 6.4833350e-01
1.0762763e-06 4.5230500e-01
1.0809810e-06 2.9768531e-01
1.0856857e-06 4.4794983e-01
1.0903904e-06 6.9906997e-01
1.0950951e-06 7.9420246e-01
1.0997998e-06 8.5974117e-01
1.1045045e-06 8.9522100e-01
1.1092092e-06 8.9522100e-01
1.1139139e-06 8.9522100e-01
1.1186186e-06 8.7144805e-01
1.1233233e-06 8.2180145e-01
1.1280280e-06 7.4269895e-01
1.1327327e-06 5.6277043e-01
1.1374374e-06 3.8197707e-01
1.1421421e-06 2.4236832e-01
1.1468468e-06 3.3830438e-01
1.1515516e-06 4.9223984e-01
1.1562563e-06 5.3517142e-01
1.1609610e-06 5.6592085e-01
1.1656657e-06 5.3294188e-01
1.1703704e-06 4.8358060e-01
1.1750751e-06 3.9649164e-01
1.1797798e-06 3.6093714e-01
1.1844845e-06 3.3360830e-01
1.1891892e-06 3.7793103e-01
1.1938939e-06 4.2225376e-01
1.1985986e-06 4.6657648e-01
1.2033033e-06 5.1089921e-01
1.2080080e-06 5.5522194e-01
1.2127127e-06 5.9954467e-01
1.2174174e-06 6.4386740e-01
1.2221221e-06 6.8819013e-01
1.2268268e-06 7.3251286e-01
1.2315315e-06 7.7683559e-01
1.2362362e-06 8.2115832e-01
1.2409409e-06 8.6548105e-01
1.2456456e-06 9.0980377e-01
1.2503504e-06 9.5412650e-01
1.2550551e-06 9.9844923e-01
1.2597598e-06 1.0427720e+00
1.2644645e-06 1.0870947e+00
1.2691692e-06 1.1314174e+00
1.2738739e-06 1.1757401e+00
1.2785786e-06 1.2200629e+00
1.2832833e-06 1.2643856e+00
1.2879880e-06 1.3087083e+00
1.2926927e-06 1.3530311e+00
1.2973974e-06 1.3973538e+00
1.3021021e-06 1.4416765e+00
1.3068068e-06 1.4859993e+00
1.3115115e-06 1.5303220e+00
1.3162162e-06 1.5746447e+00
1.3209209e-06 1.6189674e+00
1.3256256e-06 1.6632902e+00
1.3303303e-06 1.7076129e+00
1.3350350e-06 1.7519356e+00
1.3397397e-06 1.7962584e+00
1.3444444e-06 1.8405811e+00
1.3491491e-06 1.8849038e+00
1.3538539e-06 1.9292265e+00
1.3585586e-06 1.9735493e+00
1.3632633e-06 2.0178720e+00
1.3679680e-06 2.0621947e+00
1.3726727e-06 2.1065175e+00
1.3773774e-06 2.1508402e+00
1.3820821e-06 2.1951629e+00
1.3867868e-06 2.2394856e+00
1.3914915e-06 2.2838084e+00
1.3961962e-06 2.3281311e+00
1.4009009e-06 2.3724538e+00
1.4056056e-06 2.4167766e+00
1.4103103e-06 2.4610993e+00
1.4150150e-06 2.5054220e+00
1.4197197e-06 2.5497447e+00
1.4244244e-06 2.5940675e+00
1.4291291e-06 2.6383902e+00
1.4338338e-06 2.6827129e+00
1.4385385e-06 2.7270357e+00
1.4432432e-06 2.7713584e+00
1.4479479e-06 2.8156811e+00
1.4526527e-06 2.8600038e+00
1.4573574e-06 2.9043266e+00
1.4620621e-06 2.9486493e+00
1.4667668e-06 2.9929720e+00
1.4714715e-06 3.0372948e+00
1.4761762e-06 3.0816175e+00
1.4808809e-06 3.1259402e+00
1.4855856e-06 3.1702630e+00
1.4902903e-06 3.2145857e+00
1.4949950e-06 3.2589084e+00
1.4996997e-06 3.3032311e+00
1.5044044e-06 3.3475539e+00
1.5091091e-06 3.3918766e+00
1.5138138e-06 3.4361993e+00
1.5185185e-06 3.4805221e+00
1.5232232e-06 3.5248448e+00
1.5279279e-06 3.5691675e+00
1.5326326e-06 3.6134902e+00
1.5373373e-06 3.6578130e+00
1.5420420e-06 3.7021357e+00
1.5467467e-06 3.7464584e+00
1.5514515e-06 3.7907812e+00
1.5561562e-06 3.8351039e+00
1.5608609e-06 3.8794266e+00
1.5655656e-06 3.9237493e+00
1.5702703e-06 3.9680721e+00
1.5749750e-06 4.0123948e+00
1.5796797e-06 4.0567175e+00
1.5843844e-06 4.1010403e+00
1.5890891e-06 4.1453630e+00
1.5937938e-06 4.1896857e+00
1.5984985e-06 4.2340084e+00
1.6032032e-06 4.2783312e+00
1.6079079e-06 4.3226539e+00
1.6126126e-06 4.3669766e+00
1.6173173e-06 4.4112994e+00
1.6220220e-06 4.4556221e+00
1.6267267e-06 4.4999448e+00
1.6314314e-06 4.5442676e+00
1.6361361e-06 4.5885903e+00
1.6408408e-06 4.6329130e+00
1.6455455e-06 4.6772357e+00
1.6502503e-06 4.7215585e+00
1.6549550e-06 4.7658812e+00
1.6596597e-06 4.8102039e+00
1.6643644e-06 4.8545267e+00
1.6690691e-06 4.8988494e+00
1.6737738e-06 4.9431721e+00
1.6784785e-06 4.9874948e+00
1.6831832e-06 5.0318176e+00
1.6878879e-06 5.0761403e+00
1.6925926e-06 5.1204630e+00
1.6972973e-06 5.1647858e+00
1.7020020e-06 5.2091085e+00
1.7067067e-06 5.2534312e+00
1.7114114e-06 5.2977539e+00
1.7161161e-06 5.3420767e+00
1.7208208e-06 5.3863994e+00
1.7255255e-06 5.4307221e+00
1.7302302e-06 5.4750449e+00
1.7349349e-06 5.5193676e+00
1.7396396e-06 5.5636903e+00
1.7443443e-06 5.6080130e+00
1.7490490e-06 5.6523358e+00
1.7537538e-06 5.6966585e+00
1.7584585e-06 5.7409812e+00
1.7631632e-06 5.7853040e+00
1.7678679e-06 5.8296267e+00
1.7725726e-06 5.8739494e+00
1.7772773e-06 5.9182721e+00
1.7819820e-06 5.9625949e+00
1.7866867e-06 6.0069176e+00
1.7913914e-06 6.0512403e+00
1.7960961e-06 6.0955631e+00
1.8008008e-06 6.1398858e+00
1.8055055e-06 6.1842085e+00
1.8102102e-06 6.2285313e+00
1.8149149e-06 6.2728540e+00
1.8196196e-06 6.3171767e+00
1.8243243e-06 6.3614994e+00
1.8290290e-06 6.4058222e+00
1.8337337e-06 6.4501449e+00
1.8384384e-06 6.4944676e+00
1.8431431e-06 6.5387904e+00
1.8478478e-06 6.5831131e+00
1.8525526e-06 6.6274358e+00
1.8572573e-06 6.6717585e+00
1.8619620e-06 6.7160813e+00
1.8666667e-06 6.7604040e+00
1.8713714e-06 6.8047267e+00
1.8760761e-06 6.8490495e+00
1.8807808e-06 6.8933722e+00
1.8854855e-06 6.9376949e+00
1.8901902e-06 6.9820176e+00
1.8948949e-06 7.0263404e+00
1.8995996e-06 7.0706631e+00
1.9043043e-06 7.1149858e+00
1.9090090e-06 7.1593086e+00
1.9137137e-06 7.2036313e+00
1.9184184e-06 7.2479540e+00
1.9231231e-06 7.2922767e+00
1.9278278e-06 7.3365995e+00
1.9325325e-06 7.3809222e+00
1.9372372e-06 7.4252449e+00
1.9419419e-06 7.4695677e+00
1.9466466e-06 7.5138904e+00
1.9513514e-06 7.5582131e+00
1.9560561e-06 7.6025359e+00
1.9607608e-06 7.6468586e+00
1.9654655e-06 7.6911813e+00
1.9701702e-06 7.7355040e+00
1.9748749e-06 7.7798268e+00
1.9795796e-06 7.8241495e+00
1.9842843e-06 7.8684722e+00
1.9889890e-06 7.9127950e+00
1.9936937e-06 7.9571177e+00
1.9983984e-06 8.0014404e+00
2.0031031e-06 8.0457631e+00
2.0078078e-06 8.0900859e+00
2.0125125e-06 8.1344086e+00
2.0172172e-06 8.1787313e+00
2.0219219e-06 8.2230541e+00
2.0266266e-06 8.2673768e+00
2.0313313e-06 8.3116995e+00
2.0360360e-06 8.3560222e+00
2.0407407e-06 8.4003450e+00
2.0454454e-06 8.4446677e+00
2.0501502e-06 8.4889904e+00
2.0548549e-06 8.5333132e+00
2.0595596e-06 8.5776359e+00
2.0642643e-06 8.6219586e+00
2.0689690e-06 8.6662813e+00
2.0736737e-06 8.7106041e+00
2.0783784e-06 8.7549268e+00
2.0830831e-06 8.7992495e+00
2.0877878e-06 8.8435723e+00
2.0924925e-06 8.8878950e+00
2.0971972e-06 8.9322177e+00
2.1019019e-06 8.9765404e+00
2.1066066e-06 9.0208632e+00
2.1113113e-06 9.0651859e+00
2.1160160e-06 9.1095086e+00
2.1207207e-06 9.1538314e+00
2.1254254e-06 9.1981541e+00
2.1301301e-06 9.2424768e+00
2.1348348e-06 9.2867996e+00
2.1395395e-06 9.3311223e+00
2.1442442e-06 9.3754450e+00
2.1489489e-06 9.4197677e+00
2.1536537e-06 9.4640905e+00
2.1583584e-06 9.5084132e+00
2.1630631e-06 9.5527359e+00
2.1677678e-06 9.5970587e+00
2.1724725e-06 9.6413814e+00
2.1771772e-06 9.6857041e+00
2.1818819e-06 9.7300268e+00
2.1865866e-06 9.7743496e+00
2.1912913e-06 9.8186723e+00
2.1959960e-06 9.8629950e+00
2.2007007e-06 9.9073178e+00
2.2054054e-06 9.9516405e+00
2.2101101e-06 9.9959632e+00
2.2148148e-06 1.0040286e+01
2.2195195e-06 1.0084609e+01
2.2242242e-06 1.0128931e+01
2.2289289e-06 1.0173254e+01
2.2336336e-06 1.0217577e+01
2.2383383e-06 1.0261900e+01
2.2430430e-06 1.0306222e+01
2.2477477e-06 1.0350545e+01
2.2524525e-06 1.0394868e+01
2.2571572e-06 1.0439191e+01
2.2618619e-06 1.0483513e+01
2.2665666e-06 1.0527836e+01
2.2712713e-06 1.0572159e+01
2.2759760e-06 1.0616481e+01
2.2806807e-06 1.0660804e+01
2.2853854e-06 1.0705127e+01
2.2900901e-06 1.0749450e+01
2.2947948e-06 1.0793772e+01
2.2994995e-06 1.0838095e+01
2.3042042e-06 1.0882418e+01
2.3089089e-06 1.0926741e+01
2.3136136e-06 1.0971063e+01
2.3183183e-06 1.1015386e+01
2.3230230e-06 1.1059709e+01
2.3277277e-06 1.1104031e+01
2.3324324e-06 1.1148354e+01
2.3371371e-06 1.1192677e+01
2.3418418e-06 1.1237000e+01
2.3465465e-06 1.1281322e+01
2.3512513e-06 1.1325645e+01
2.3559560e-06 1.1369968e+01
2.3606607e-06 1.1414291e+01
2.3653654e-06 1.1458613e+01
2.3700701e-06 1.1502936e+01
2.3747748e-06 1.1547259e+01
2.3794795e-06 1.1591581e+01
2.3841842e-06 1.1635904e+01
2.3888889e-06 1.1680227e+01
2.3935936e-06 1.1724550e+01
2.3982983e-06 1.1768872e+01
2.4030030e-06 1.1813195e+01
2.4077077e-06 1.1857518e+01
2.4124124e-06 1.1901841e+01
2.4171171e-06 1.1946163e+01
2.4218218e-06 1.1990486e+01
2.4265265e-06 1.2034809e+01
2.4312312e-06 1.2079131e+01
2.4359359e-06 1.2123454e+01
2.4406406e-06 1.2167777e+01
2.4453453e-06 1.2212100e+01
2.4500501e-06 1.2256422e+01
2.4547548e-06 1.2300745e+01
2.4594595e-06 1.2345068e+01
2.4641642e-06 1.2389391e+01
2.4688689e-06 1.2433713e+01
2.4735736e-06 1.2478036e+01
2.4782783e-06 1.2522359e+01
2.4829830e-06 1.2566681e+01
2.4876877e-06 1.2611004e+01
2.4923924e-06 1.2655327e+01
2.4970971e-06 1.2699650e+01
2.5018018e-06 1.2743972e+01
2.5065065e-06 1.2788295e+01
2.5112112e-06 1.2832618e+01
2.5159159e-06 1.2876941e+01
2.5206206e-06 1.2921263e+01
2.5253253e-06 1.2965586e+01
2.5300300e-06 1.3009909e+01
2.5347347e-06 1.3054232e+01
2.5394394e-06 1.3098554e+01
2.5441441e-06 1.3142877e+01
2.5488488e-06 1.3187200e+01
2.5535536e-06 1.3231522e+01
2.5582583e-06 1.3275845e+01
2.5629630e-06 1.3320168e+01
2.5676677e-06 1.3364491e+01
2.5723724e-06 1.3408813e+01
2.5770771e-06 1.3453136e+01
2.5817818e-06 1.3497459e+01
2.5864865e-06 1.3541782e+01
2.5911912e-06 1.3586104e+01
2.5958959e-06 1.3630427e+01
2.6006006e-06 1.3674750e+01
2.6053053e-06 1.3719072e+01
2.6100100e-06 1.3763395e+01
2.6147147e-06 1.3807718e+01
2.6194194e-06 1.3852041e+01
2.6241241e-06 1.3896363e+01
2.6288288e-06 1.3940686e+01
2.6335335e-06 1.3985009e+01
2.6382382e-06 1.4029332e+01
2.6429429e-06 1.4073654e+01
2.6476476e-06 1.4117977e+01
2.6523524e-06 1.4162300e+01
2.6570571e-06 1.4206622e+01
2.6617618e-06 1.4250945e+01
2.6664665e-06 1.4295268e+01
2.6711712e-06 1.4339591e+01
2.6758759e-06 1.4383913e+01
2.6805806e-06 1.4428236e+01
2.6852853e-06 1.4472559e+01
2.6899900e-06 1.4516882e+01
2.6946947e-06 1.4561204e+01
2.6993994e-06 1.4605527e+01
2.7041041e-06 1.4649850e+01
2.7088088e-06 1.4694172e+01
2.7135135e-06 1.4738495e+01
2.7182182e-06 1.4782818e+01
2.7229229e-06 1.4827141e+01
2.7276276e-06 1.4871463e+01
2.7323323e-06 1.4915786e+01
2.7370370e-06 1.4960109e+01
2.7417417e-06 1.5004432e+01
2.7464464e-06 1.5048754e+01
2.7511512e-06 1.5093077e+01
2.7558559e-06 1.5137400e+01
2.7605606e-06 1.5181723e+01
2.7652653e-06 1.5226045e+01
2.7699700e-06 1.5270368e+01
2.7746747e-06 1.5314691e+01
2.7793794e-06 1.5359013e+01
2.7840841e-06 1.5403336e+01
2.7887888e-06 1.5447659e+01
2.7934935e-06 1.5491982e+01
2.7981982e-06 1.5536304e+01
2.8029029e-06 1.5580627e+01
2.8076076e-06 1.5624950e+01
2.8123123e-06 1.5669273e+01
2.8170170e-06 1.5713595e+01
2.8217217e-06 1.5757918e+01
2.8264264e-06 1.5802241e+01
2.8311311e-06 1.5846563e+01
2.8358358e-06 1.5890886e+01
2.8405405e-06 1.5935209e+01
2.8452452e-06 1.5979532e+01
2.8499499e-06 1.6023854e+01
2.8546547e-06 1.6068177e+01
2.8593594e-06 1.6112500e+01
2.8640641e-06 1.6156823e+01
2.8687688e-06 1.6201145e+01
2.8734735e-06 1.6245468e+01
2.8781782e-06 1.6289791e+01
2.8828829e-06 1.6334113e+01
2.8875876e-06 1.6378436e+01
2.8922923e-06 1.6422759e+01
2.8969970e-06 1.6467082e+01
2.9017017e-06 1.6511404e+01
2.9064064e-06 1.6555727e+01
2.9111111e-06 1.6600050e+01
2.9158158e-06 1.6644373e+01
2.9205205e-06 1.6688695e+01
2.9252252e-06 1.6733018e+01
2.9299299e-06 1.6777341e+01
2.9346346e-06 1.6821663e+01
2.9393393e-06 1.6865986e+01
2.9440440e-06 1.6910309e+01
2.9487487e-06 1.6954632e+01
2.9534535e-06 1.6998954e+01
2.9581582e-06 1.7043277e+01
2.9628629e-06 1.7087600e+01
2.9675676e-06 1.7131923e+01
2.9722723e-06 1.7176245e+01
2.9769770e-06 1.7220568e+01
2.9816817e-06 1.7264891e+01
2.9863864e-06 1.7309213e+01
2.9910911e-06 1.7353536e+01
2.9957958e-06 1.7397859e+01
3.0005005e-06 1.7442182e+01
3.0052052e-06 1.7486504e+01
3.0099099e-06 1.7530827e+01
3.0146146e-06 1.7575150e+01
3.0193193e-06 1.7619473e+01
3.0240240e-06 1.7663795e+01
3.0287287e-06 1.7708118e+01
3.0334334e-06 1.7752441e+01
3.0381381e-06 1.7796764e+01
3.0428428e-06 1.7841086e+01
3.0475475e-06 1.7885409e+01
3.0522523e-06 1.7929732e+01
3.0569570e-06 1.7974054e+01
3.0616617e-06 1.8018377e+01
3.0663664e-06 1.8062700e+01
3.0710711e-06 1.8107023e+01
3.0757758e-06 1.8151345e+01
3.0804805e-06 1.8195668e+01
3.0851852e-06 1.8239991e+01
3.0898899e-06 1.8284314e+01
3.0945946e-06 1.8328636e+01
3.0992993e-06 1.8372959e+01
3.1040040e-06 1.8417282e+01
3.1087087e-06 1.8461604e+01
3.1134134e-06 1.8505927e+01
3.1181181e-06 1.8550250e+01
3.1228228e-06 1.8594573e+01
3.1275275e-06 1.8638895e+01
3.1322322e-06 1.8683218e+01
3.1369369e-06 1.8727541e+01
3.1416416e-06 1.8771864e+01
3.1463463e-06 1.8816186e+01
3.1510511e-06 1.8860509e+01
3.1557558e-06 1.8904832e+01
3.1604605e-06 1.8949154e+01
3.1651652e-06 1.8993477e+01
3.1698699e-06 1.9037800e+01
3.1745746e-06 1.9082123e+01
3.1792793e-06 1.9126445e+01
3.1839840e-06 1.9170768e+01
3.1886887e-06 1.9215091e+01
3.1933934e-06 1.9259414e+01
3.1980981e-06 1.9303736e+01
3.2028028e-06 1.9348059e+01
3.2075075e-06 1.9392382e+01
3.2122122e-06 1.9436704e+01
3.2169169e-06 1.9481027e+01
3.2216216e-06 1.9525350e+01
3.2263263e-06 1.9569673e+01
3.2310310e-06 1.9613995e+01
3.2357357e-06 1.9658318e+01
3.2404404e-06 1.9702641e+01
3.2451451e-06 1.9746964e+01
3.2498498e-06 1.9791286e+01
3.2545546e-06 1.9835609e+01
3.2592593e-06 1.9879932e+01
3.2639640e-06 1.9924255e+01
3.2686687e-06 1.9968577e+01
3.2733734e-06 2.0012900e+01
3.2780781e-06 2.0057223e+01
3.2827828e-06 2.0101545e+01
3.2874875e-06 2.0145868e+01
3.2921922e-06 2.0190191e+01
3.2968969e-06 2.0234514e+01
3.3016016e-06 2.0278836e+01
3.3063063e-06 2.0323159e+01
3.3110110e-06 2.0367482e+01
3.3157157e-06 2.0411805e+01
3.3204204e-06 2.0456127e+01
3.3251251e-06 2.0500450e+01
3.3298298e-06 2.0544773e+01
3.3345345e-06 2.0589095e+01
3.3392392e-06 2.0633418e+01
3.3439439e-06 2.0677741e+01
3.3486486e-06 2.0722064e+01
3.3533534e-06 2.0766386e+01
3.3580581e-06 2.0810709e+01
3.3627628e-06 2.0855032e+01
3.3674675e-06 2.0899355e+01
3.3721722e-06 2.0943677e+01
3.3768769e-06 2.0988000e+01
3.3815816e-06 2.1032323e+01
3.3862863e-06 2.1076645e+01
3.3909910e-06 2.1120968e+01
3.3956957e-06 2.1165291e+01
3.4004004e-06 2.1209614e+01
3.4051051e-06 2.1253936e+01
3.4098098e-06 2.1298259e+01
3.4145145e-06 2.1342582e+01
3.4192192e-06 2.1386905e+01
3.4239239e-06 2.1431227e+01
3.4286286e-06 2.1475550e+01
3.4333333e-06 2.1519873e+01
3.4380380e-06 2.1564195e+01
3.4427427e-06 2.1608518e+01
3.4474474e-06 2.1652841e+01
3.4521522e-06 2.1697164e+01
3.4568569e-06 2.1741486e+01
3.4615616e-06 2.1785809e+01
3.4662663e-06 2.1830132e+01
3.4709710e-06 2.1874455e+01
3.4756757e-06 2.1918777e+01
3.4803804e-06 2.1963100e+01
3.4850851e-06 2.2007423e+01
3.4897898e-06 2.2051745e+01
3.4944945e-06 2.2096068e+01
3.4991992e-06 2.2140391e+01
3.5039039e-06 2.2184714e+01
3.5086086e-06 2.2229036e+01
3.5133133e-06 2.2273359e+01
3.5180180e-06 2.2317682e+01
3.5227227e-06 2.2362005e+01
3.5274274e-06 2.2406327e+01
3.5321321e-06 2.2450650e+01
3.5368368e-06 2.2494973e+01
3.5415415e-06 2.2539296e+01
3.5462462e-06 2.2583618e+01
3.5509510e-06 2.2627941e+01
3.5556557e-06 2.2672264e+01
3.5603604e-06 2.2716586e+01
3.5650651e-06 2.2760909e+01
3.5697698e-06 2.2805232e+01
3.5744745e-06 2.2849555e+01
3.5791792e-06 2.2893877e+01
3.5838839e-06 2.2938200e+01
3.5885886e-06 2.2982523e+01
3.5932933e-06 2.3026846e+01
3.5979980e-06 2.3071168e+01
3.6027027e-06 2.3115491e+01
3.6074074e-06 2.3159814e+01
3.6121121e-06 2.3204136e+01
3.6168168e-06 2.3248459e+01
3.6215215e-06 2.3292782e+01
3.6262262e-06 2.3337105e+01
3.6309309e-06 2.3381427e+01
3.6356356e-06 2.3425750e+01
3.6403403e-06 2.3470073e+01
3.6450450e-06 2.3514396e+01
3.6497497e-06 2.3558718e+01
3.6544545e-06 2.3603041e+01
3.6591592e-06 2.3647364e+01
3.6638639e-06 2.3691686e+01
3.6685686e-06 2.3736009e+01
3.6732733e-06 2.3780332e+01
3.6779780e-06 2.3824655e+01
3.6826827e-06 2.3868977e+01
3.6873874e-06 2.3913300e+01
3.6920921e-06 2.3957623e+01
3.6967968e-06 2.4001946e+01
3.7015015e-06 2.4046268e+01
3.7062062e-06 2.4090591e+01
3.7109109e-06 2.4134914e+01
3.7156156e-06 2.4179236e+01
3.7203203e-06 2.4223559e+01
3.7250250e-06 2.4267882e+01
3.7297297e-06 2.4312205e+01
3.7344344e-06 2.4356527e+01
3.7391391e-06 2.4400850e+01
3.7438438e-06 2.4445173e+01
3.7485485e-06 2.4489496e+01
3.7532533e-06 2.4533818e+01
3.7579580e-06 2.4578141e+01
3.7626627e-06 2.4622464e+01
3.7673674e-06 2.4666787e+01
3.7720721e-06 2.4711109e+01
3.7767768e-06 2.4755432e+01
3.7814815e-06 2.4799755e+01
3.7861862e-06 2.4844077e+01
3.7908909e-06 2.4888400e+01
3.7955956e-06 2.4932723e+01
3.8003003e-06 2.4977046e+01
3.8050050e-06 2.5021368e+01
3.8097097e-06 2.5065691e+01
3.8144144e-06 2.5110014e+01
3.8191191e-06 2.5154337e+01
3.8238238e-06 2.5198659e+01
3.8285285e-06 2.5242982e+01
3.8332332e-06 2.5287305e+01
3.8379379e-06 2.5331627e+01
3.8426426e-06 2.5375950e+01
3.8473473e-06 2.5420273e+01
3.8520521e-06 2.5464596e+01
3.8567568e-06 2.5508918e+01
3.8614615e-06 2.5553241e+01
3.8661662e-06 2.5597564e+01
3.8708709e-06 2.5641887e+01
3.8755756e-06 2.5686209e+01
3.8802803e-06 2.5730532e+01
3.8849850e-06 2.5774855e+01
3.8896897e-06 2.5819177e+01
3.8943944e-06 2.5863500e+01
3.8990991e-06 2.5907823e+01
3.9038038e-06 2.5952146e+01
3.9085085e-06 2.5996468e+01
3.9132132e-06 2.6040791e+01
3.9179179e-06 2.6085114e+01
3.9226226e-06 2.6129437e+01
3.9273273e-06 2.6173759e+01
3.9320320e-06 2.6218082e+01
3.9367367e-06 2.6262405e+01
3.9414414e-06 2.6306727e+01
3.9461461e-06 2.6351050e+01
3.9508509e-06 2.6395373e+01
3.9555556e-06 2.6439696e+01
3.9602603e-06 2.6484018e+01
3.9649650e-06 2.6528341e+01
3.9696697e-06 2.6572664e+01
3.9743744e-06 2.6616987e+01
3.9790791e-06 2.6661309e+01
3.9837838e-06 2.6705632e+01
3.9884885e-06 2.6749955e+01
3.9931932e-06 2.6794277e+01
3.9978979e-06 2.6838600e+01
4.0026026e-06 2.6882923e+01
4.0073073e-06 2.6927246e+01
4.0120120e-06 2.6971568e+01
4.0167167e-06 2.7015891e+01
4.0214214e-06 2.7060214e+01
4.0261261e-06 2.7104537e+01
4.0308308e-06 2.7148859e+01
4.0355355e-06 2.7193182e+01
4.0402402e-06 2.7237505e+01
4.0449449e-06 2.7281828e+01
4.0496496e-06 2.7326150e+01
4.0543544e-06 2.7370473e+01
4.0590591e-06 2.7414796e+01
4.0637638e-06 2.7459118e+01
4.0684685e-06 2.7503441e+01
4.0731732e-06 2.7547764e+01
4.0778779e-06 2.7592087e+01
4.0825826e-06 2.7636409e+01
4.0872873e-06 2.7680732e+01
4.0919920e-06 2.7725055e+01
4.0966967e-06 2.7769378e+01
4.1014014e-06 2.7813700e+01
4.1061061e-06 2.7858023e+01
4.1108108e-06 2.7902346e+01
4.1155155e-06 2.7946668e+01
4.1202202e-06 2.7990991e+01
4.1249249e-06 2.8035314e+01
4.1296296e-06 2.8079637e+01
4.1343343e-06 2.8123959e+01
4.1390390e-06 2.8168282e+01
4.1437437e-06 2.8212605e+01
4.1484484e-06 2.8256928e+01
4.1531532e-06 2.8301250e+01
4.1578579e-06 2.8345573e+01
4.1625626e-06 2.8389896e+01
4.1672673e-06 2.8434218e+01
4.1719720e-06 2.8478541e+01
4.1766767e-06 2.8522864e+01
4.1813814e-06 2.8567187e+01
4.1860861e-06 2.8611509e+01
4.1907908e-06 2.8655832e+01
4.1954955e-06 2.8700155e+01
4.2002002e-06 2.8744478e+01
4.2049049e-06 2.8788800e+01
4.2096096e-06 2.8833123e+01
4.2143143e-06 2.8877446e+01
4.2190190e-06 2.8921768e+01
4.2237237e-06 2.8966091e+01
4.2284284e-06 2.9010414e+01
4.2331331e-06 2.9054737e+01
4.2378378e-06 2.9099059e+01
4.2425425e-06 2.9143382e+01
4.2472472e-06 2.9187705e+01
4.2519520e-06 2.9232028e+01
4.2566567e-06 2.9276350e+01
4.2613614e-06 2.9320673e+01
4.2660661e-06 2.9364996e+01
4.2707708e-06 2.9409319e+01
4.2754755e-06 2.9453641e+01
4.2801802e-06 2.9497964e+01
4.2848849e-06 2.9542287e+01
4.2895896e-06 2.9586609e+01
4.2942943e-06 2.9630932e+01
4.2989990e-06 2.9675255e+01
4.3037037e-06 2.9719578e+01
4.3084084e-06 2.9763900e+01
4.3131131e-06 2.9808223e+01
4.3178178e-06 2.9852546e+01
4.3225225e-06 2.9896869e+01
4.3272272e-06 2.9941191e+01
4.3319319e-06 2.9985514e+01
4.3366366e-06 3.0029837e+01
4.3413413e-06 3.0074159e+01
4.3460460e-06 3.0118482e+01
4.3507508e-06 3.0162805e+01
4.3554555e-06 3.0207128e+01
4.3601602e-06 3.0251450e+01
4.3648649e-06 3.0295773e+01
4.3695696e-06 3.0340096e+01
4.3742743e-06 3.0384419e+01
4.3789790e-06 3.0428741e+01
4.3836837e-06 3.0473064e+01
4.3883884e-06 3.0517387e+01
4.3930931e-06 3.0561709e+01
4.3977978e-06 3.0606032e+01
4.4025025e-06 3.0650355e+01
4.4072072e-06 3.0694678e+01
4.4119119e-06 3.0739000e+01
4.4166166e-06 3.0783323e+01
4.4213213e-06 3.0827646e+01
4.4260260e-06 3.0871969e+01
4.4307307e-06 3.0916291e+01
4.4354354e-06 3.0960614e+01
4.4401401e-06 3.1004937e+01
4.4448448e-06 3.1049259e+01
4.4495495e-06 3.1093582e+01
4.4542543e-06 3.1137905e+01
4.4589590e-06 3.1182228e+01
4.4636637e-06 3.1226550e+01
4.4683684e-06 3.1270873e+01
4.4730731e-06 3.1315196e+01
4.4777778e-06 3.1359519e+01
4.4824825e-06 3.1403841e+01
4.4871872e-06 3.1448164e+01
4.4918919e-06 3.1492487e+01
4.4965966e-06 3.1536809e+01
4.5013013e-06 3.1581132e+01
4.5060060e-06 3.1625455e+01
4.5107107e-06 3.1669778e+01
4.5154154e-06 3.1714100e+01
4.5201201e-06 3.1758423e+01
4.5248248e-06 3.1802746e+01
4.5295295e-06 3.1847069e+01
4.5342342e-06 3.1891391e+01
4.5389389e-06 3.1935714e+01
4.5436436e-06 3.1980037e+01
4.5483483e-06 3.2024360e+01
4.5530531e-06 3.2068682e+01
4.5577578e-06 3.2113005e+01
4.5624625e-06 3.2157328e+01
4.5671672e-06 3.2201650e+01
4.5718719e-06 3.2245973e+01
4.5765766e-06 3.2290296e+01
4.5812813e-06 3.2334619e+01
4.5859860e-06 3.2378941e+01
4.5906907e-06 3.2423264e+01
4.5953954e-06 3.2467587e+01
4.6001001e-06 3.2511910e+01
4.6048048e-06 3.2556232e+01
4.6095095e-06 3.2600555e+01
4.6142142e-06 3.2644878e+01
4.6189189e-06 3.2689200e+01
4.6236236e-06 3.2733523e+01
4.6283283e-06 3.2777846e+01
4.6330330e-06 3.2822169e+01
4.6377377e-06 3.2866491e+01
4.6424424e-06 3.2910814e+01
4.6471471e-06 3.2955137e+01
4.6518519e-06 3.2999460e+01
4.6565566e-06 3.3043782e+01
4.6612613e-06 3.3088105e+01
4.6659660e-06 3.3132428e+01
4.6706707e-06 3.3176750e+01
4.6753754e-06 3.3221073e+01
4.6800801e-06 3.3265396e+01
4.6847848e-06 3.3309719e+01
4.6894895e-06 3.3354041e+01
4.6941942e-06 3.3398364e+01
4.6988989e-06 3.3442687e+01
4.7036036e-06 3.3487010e+01
4.7083083e-06 3.3531332e+01
4.7130130e-06 3.3575655e+01
4.7177177e-06 3.3619978e+01
4.7224224e-06 3.3664300e+01
4.7271271e-06 3.3708623e+01
4.7318318e-06 3.3752946e+01
4.7365365e-06 3.3797269e+01
4.7412412e-06 3.3841591e+01
4.7459459e-06 3.3885914e+01
4.7506507e-06 3.3930237e+01
4.7553554e-06 3.3974560e+01
4.7600601e-06 3.4018882e+01
4.7647648e-06 3.4063205e+01
4.7694695e-06 3.4107528e+01
4.7741742e-06 3.4151851e+01
4.7788789e-06 3.4196173e+01
4.7835836e-06 3.4240496e+01
4.7882883e-06 3.4284819e+01
4.7929930e-06 3.4329141e+01
4.7976977e-06 3.4373464e+01
4.8024024e-06 3.4417787e+01
4.8071071e-06 3.4462110e+01
4.8118118e-06 3.4506432e+01
4.8165165e-06 3.4550755e+01
4.8212212e-06 3.4595078e+01
4.8259259e-06 3.4639401e+01
4.8306306e-06 3.4683723e+01
4.8353353e-06 3.4728046e+01
4.8400400e-06 3.4772369e+01
4.8447447e-06 3.4816691e+01
4.8494494e-06 3.4861014e+01
4.8541542e-06 3.4905337e+01
4.8588589e-06 3.4949660e+01
4.8635636e-06 3.4993982e+01
4.8682683e-06 3.5038305e+01
4.8729730e-06 3.5082628e+01
4.8776777e-06 3.5126951e+01
4.8823824e-06 3.5171273e+01
4.8870871e-06 3.5215596e+01
4.8917918e-06 3.5259919e+01
4.8964965e-06 3.5304241e+01
4.9012012e-06 3.5348564e+01
4.9059059e-06 3.5392887e+01
4.9106106e-06 3.5437210e+01
4.9153153e-06 3.5481532e+01
4.9200200e-06 3.5525855e+01
4.9247247e-06 3.5570178e+01
4.9294294e-06 3.5614501e+01
4.9341341e-06 3.5658823e+01
4.9388388e-06 3.5703146e+01
4.9435435e-06 3.5747469e+01
4.9482482e-06 3.5791791e+01
4.9529530e-06 3.5836114e+01
4.9576577e-06 3.5880437e+01
4.9623624e-06 3.5924760e+01
4.9670671e-06 3.5969082e+01
4.9717718e-06 3.6013405e+01
4.9764765e-06 3.6057728e+01
4.9811812e-06 3.6102051e+01
4.9858859e-06 3.6146373e+01
4.9905906e-06 3.6190696e+01
4.9952953e-06 3.6235019e+01
5.0000000e-06 3.6279341e+01
