Title:
Authors:
Table:
================================================================================
Byte-by-byte Description of file: table.dat
--------------------------------------------------------------------------------
 Bytes Format Units  Label     Explanations
--------------------------------------------------------------------------------
 1-13  E13.8  m      wavelength [0.0/0.01] Description of wavelength
15-27  E13.8  ---    efficiency Description of efficiency           
--------------------------------------------------------------------------------
Notes:
--------------------------------------------------------------------------------
7.0000000e-07 0.0000000e+00
7.5000000e-07 0.0000000e+00
8.0000000e-07 9.9554700e+01
8.0300000e-07 9.9814500e+01
8.2100000e-07 9.9962900e+01
8.3100000e-07 9.9777400e+01
8.3800000e-07 9.9907200e+01
8.5100000e-07 9.9944300e+01
8.6300000e-07 9.9684600e+01
8.6800000e-07 9.9925800e+01
8.8000000e-07 9.9944300e+01
9.4100000e-07 9.9962900e+01
9.8600000e-07 9.9981400e+01
1.0010000e-06 9.9814500e+01
1.0180000e-06 9.9944300e+01
1.0330000e-06 9.9795900e+01
1.0400000e-06 9.9981400e+01
1.0700000e-06 9.9981400e+01
1.0900000e-06 9.9888700e+01
1.1080000e-06 9.9962900e+01
1.1680000e-06 9.9981400e+01
1.1810000e-06 9.9888700e+01
1.1960000e-06 9.9962900e+01
1.2500000e-06 9.9944300e+01
1.2660000e-06 9.9777400e+01
1.2800000e-06 9.9888700e+01
1.2980000e-06 9.9944300e+01
1.3630000e-06 9.9740300e+01
1.4150000e-06 9.9925800e+01
1.4610000e-06 9.9944300e+01
1.4980000e-06 9.9907200e+01
1.5250000e-06 9.9888700e+01
1.5710000e-06 9.9888700e+01
1.6100000e-06 9.9962900e+01
1.6710000e-06 9.9944300e+01
1.7610000e-06 9.9925800e+01
1.8010000e-06 9.9981400e+01
1.9180000e-06 9.9981400e+01
1.9730000e-06 9.9907200e+01
2.0030000e-06 9.9888700e+01
2.0380000e-06 9.9925800e+01
2.0910000e-06 9.9944300e+01
2.1260000e-06 9.9944300e+01
2.1760000e-06 9.9907200e+01
2.2080000e-06 9.9907200e+01
2.2460000e-06 9.9888700e+01
2.2900000e-06 9.9870100e+01
2.3380000e-06 9.9962900e+01
2.4450000e-06 9.9962900e+01
2.5280000e-06 9.9925800e+01
2.6010000e-06 9.9888700e+01
2.7000000e-06 9.9000000e+01
2.7500000e-06 0.0000000e+00
2.8000000e-06 0.0000000e+00
